

TREE # 1

  0  0.0000   6618.162175  x:  0.09864   0.08180   0.09672   0.06329   0.09023   0.07822   0.10026   0.10136   0.04725   0.06618   0.04983   0.03000   0.08643   0.07354   0.01211   0.02518   0.10316   0.07134   2.00000   1.10442   0.13006   0.20364   3.09481  
  1 99.0000   6434.477352  x:  0.11456   0.09773   0.17195   0.06726   0.10990   0.07211   0.07270   0.10400   0.03675   0.04230   0.04163   0.02656   0.06530   0.06499   0.03360   0.00000   0.07205   0.13557   2.00342   1.10874   0.12625   0.17585   3.09466  
  2 2070.4118   6322.595976  x:  0.13667   0.11983   0.26833   0.06904   0.13623   0.06299   0.02426   0.10857   0.02315   0.00272   0.03113   0.02489   0.02957   0.04979   0.05021   0.07007   0.01840   0.21367   2.00955   1.11664   0.11928   0.12506   3.09440  
  3 5029.5394   6297.518665  x:  0.14146   0.12463   0.28826   0.06737   0.14144   0.06232   0.00964   0.10993   0.02602   0.02468   0.03158   0.02684   0.01966   0.04604   0.04807   0.08168   0.00000   0.22812   2.01181   1.11961   0.11666   0.10594   3.09431  
  4 2488.3784   6288.600011  x:  0.14372   0.12688   0.29694   0.06500   0.14342   0.06327   0.00000   0.11090   0.03069   0.03060   0.03372   0.02865   0.01447   0.04464   0.04353   0.08501   0.00889   0.23306   2.01363   1.12206   0.11451   0.09042   3.09423  
  5 1379.3960   6272.576259  x:  0.14873   0.13189   0.31474   0.05647   0.14689   0.06857   0.01191   0.11384   0.04620   0.03350   0.04126   0.03320   0.00504   0.04277   0.02579   0.08864   0.01542   0.24015   2.01935   1.12978   0.10777   0.04234   3.09397  
  6 1438.9972   6265.660289  x:  0.15022   0.13338   0.31853   0.05098   0.14715   0.07282   0.00732   0.11518   0.05066   0.03009   0.04397   0.03392   0.01319   0.04402   0.01821   0.08734   0.01174   0.23843   2.02279   1.13422   0.10394   0.01947   3.09380  
  7 1078.6772   6263.243539  x:  0.15055   0.13372   0.31788   0.04445   0.14543   0.07523   0.00299   0.11618   0.05333   0.02632   0.04508   0.03325   0.00593   0.04580   0.01922   0.08503   0.00771   0.23221   2.02672   1.13854   0.10034   0.01210   3.09362  
  8 335.3868   6259.337142  x:  0.15512   0.13829   0.33405   0.01525   0.14324   0.08370   0.00164   0.12056   0.06323   0.02473   0.04453   0.03054   0.00701   0.04210   0.02060   0.08497   0.00633   0.21867   2.04780   1.15983   0.08284   0.01785   3.09264  
  9 196.5275   6252.751974  x:  0.16787   0.15104   0.36644   0.00989   0.14562   0.08130   0.00436   0.12607   0.04581   0.02759   0.03691   0.03706   0.00642   0.05898   0.01702   0.08443   0.00894   0.17933   2.11783   1.23164   0.02382   0.02349   3.08941  
 10 218.7945   6246.282977  x:  0.17395   0.15712   0.38396   0.02428   0.14906   0.07709   0.00510   0.12732   0.04729   0.02786   0.05026   0.02897   0.00893   0.04541   0.02742   0.08433   0.00915   0.15078   2.20253   1.31855  -0.04738   0.02756   3.08549  
 11 556.1473   6241.574620  x:  0.17370   0.15687   0.38785   0.03035   0.15135   0.07367   0.00189   0.12628   0.05010   0.02453   0.05247   0.02706   0.00623   0.03635   0.01598   0.08185   0.00626   0.14412   2.25914   1.37631  -0.09452   0.03571   3.08287  
 12 1130.6072   6212.898413  x:  0.14415   0.12732   0.36455   0.03275   0.16461   0.06074   0.00000   0.10946   0.07579   0.02125   0.02222   0.04476   0.00836   0.03595   0.02497   0.08177   0.00367   0.17290   2.67988   1.80537  -0.44384   0.06379   3.06332  
 13 1347.2118   6199.602489  x:  0.12923   0.11240   0.34805   0.01709   0.16361   0.06302   0.00252   0.10373   0.05143   0.02504   0.04417   0.02638   0.00669   0.04604   0.02225   0.08353   0.00616   0.20319   2.88251   2.00986  -0.60949   0.07739   3.05389  
 14 2200.0132   6197.452338  x:  0.13174   0.11491   0.34124   0.01513   0.15548   0.06996   0.00409   0.10651   0.03966   0.02689   0.03797   0.02387   0.00552   0.03603   0.02280   0.08327   0.00785   0.20861   2.91387   2.03957  -0.63288   0.07596   3.05244  
 15 448.4519   6196.494447  x:  0.13985   0.12302   0.33632   0.01671   0.14201   0.07327   0.00374   0.11210   0.03919   0.02641   0.04166   0.02977   0.00568   0.03602   0.02307   0.08330   0.00739   0.21503   2.93177   2.05315  -0.64238   0.07832   3.05163  
 16 161.4301   6196.013513  x:  0.14516   0.12833   0.33376   0.01822   0.13354   0.07213   0.00376   0.11514   0.04153   0.02664   0.04002   0.02540   0.00599   0.03858   0.02254   0.08359   0.00750   0.21850   2.94170   2.05921  -0.64596   0.07897   3.05121  
 17 179.8230   6195.898368  x:  0.14621   0.12938   0.33296   0.01660   0.13107   0.06723   0.00389   0.11453   0.04099   0.02666   0.04012   0.02568   0.00641   0.03757   0.02271   0.08341   0.00757   0.21893   2.94690   2.05953  -0.64464   0.07828   3.05104  
 18 37.1863   6194.700249  x:  0.14874   0.13191   0.33410   0.01744   0.12409   0.07029   0.00378   0.09314   0.04125   0.02645   0.04013   0.02593   0.00630   0.03831   0.02242   0.08345   0.00741   0.21916   3.05312   2.04211  -0.59018   0.07533   3.04797  
 19 29.1540   6188.468362  x:  0.14498   0.12815   0.32709   0.02186   0.13343   0.06955   0.00298   0.11587   0.04180   0.02512   0.03988   0.02679   0.00634   0.03994   0.02202   0.08196   0.00651   0.22126   3.67666   1.93674  -0.26430   0.05831   3.02928  
 20 364.2799   6188.414815  x:  0.14795   0.13112   0.32453   0.02100   0.13773   0.06953   0.00299   0.11509   0.04184   0.02509   0.04002   0.02665   0.00628   0.03992   0.02209   0.08181   0.00651   0.22149   3.68082   1.93770  -0.26069   0.05835   3.02891  
 21 16.7695   6178.479003  x:  0.14751   0.13068   0.32502   0.02191   0.13652   0.06876   0.00000   0.10987   0.03144   0.01926   0.04011   0.02466   0.00820   0.04264   0.02135   0.07252   0.00213   0.21448   3.70591   3.14108   0.86174   0.05717   2.84585  
 22  5.4306   6168.450837  x:  0.14963   0.13284   0.34018   0.03180   0.13895   0.06234   0.01054   0.10190   0.02770   0.00907   0.02402   0.02853   0.01472   0.04090   0.02291   0.04897   0.00241   0.19947   3.86281   5.32495   2.80855   0.06018   3.39226  
 23  4.2034   6158.866145  x:  0.15087   0.13408   0.34557   0.03024   0.13580   0.06456   0.01037   0.10661   0.03058   0.00387   0.03354   0.02529   0.01582   0.04024   0.02493   0.02862   0.00026   0.20574   4.02701   5.53538   2.79449   0.06714   4.66317  
 24  1.5770   6148.315503  x:  0.15327   0.13650   0.35874   0.02841   0.13316   0.06703   0.01051   0.11139   0.03264   0.00353   0.04394   0.02140   0.01734   0.03983   0.02669   0.00555   0.00271   0.21584   4.22634   5.89133   2.91306   0.07437   6.14843  
 25 11.5804   6142.183558  x:  0.15505   0.13828   0.38145   0.02505   0.13311   0.06869   0.00862   0.11170   0.03315   0.01281   0.04765   0.02089   0.01664   0.04138   0.02713   0.00198   0.00192   0.23100   4.30576   5.48962   2.49703   0.07407   7.04314  
 26  1.9971   6139.304262  x:  0.15593   0.13916   0.39760   0.02263   0.13355   0.06994   0.00686   0.11158   0.03490   0.01852   0.04940   0.02111   0.01556   0.04218   0.02707   0.00928   0.00185   0.24193   4.30991   5.00217   2.07539   0.07225   7.30660  
 27  4.9284   6132.727205  x:  0.15445   0.13770   0.41469   0.02125   0.13626   0.06630   0.00245   0.10523   0.02766   0.02002   0.04030   0.02518   0.01144   0.04495   0.02452   0.00861   0.00203   0.25594   4.27671   3.58402   0.83921   0.06229   7.98301  
 28  1.9786   6130.738630  x:  0.15559   0.13886   0.43091   0.02053   0.13810   0.06612   0.00135   0.10797   0.03877   0.01845   0.03290   0.02704   0.01021   0.04156   0.02455   0.00684   0.00246   0.25990   4.25523   3.64005   1.04814   0.05577   8.48680  
 29  0.7576   6129.485800  x:  0.15712   0.14039   0.44308   0.02237   0.13800   0.06596   0.00238   0.11689   0.03449   0.01597   0.02986   0.02612   0.01052   0.04121   0.02495   0.00461   0.00300   0.26297   4.22113   4.03512   1.45346   0.05691   9.23366  
 30  0.9404   6128.727906  x:  0.15900   0.14226   0.45858   0.02179   0.13766   0.06726   0.00153   0.12157   0.03234   0.01522   0.03240   0.02445   0.01080   0.04127   0.02583   0.00360   0.00347   0.27147   4.19810   3.75119   1.17339   0.05925  10.18785  
 31  1.0196   6128.337466  x:  0.16011   0.14341   0.46927   0.01973   0.13785   0.06732   0.00224   0.12121   0.03351   0.01507   0.03647   0.02531   0.01161   0.04181   0.02684   0.00480   0.00368   0.27707   4.21189   3.80940   1.28128   0.05894  10.94165  
 32  0.4951   6128.011154  x:  0.16084   0.14416   0.48193   0.01796   0.13756   0.06695   0.00229   0.12302   0.03333   0.01371   0.03328   0.02541   0.01128   0.04227   0.02691   0.00488   0.00386   0.28574   4.21767   3.80493   1.37323   0.05539  12.40828  
 33  0.7700   6127.642967  x:  0.16040   0.14375   0.48078   0.01994   0.13795   0.06719   0.00259   0.12650   0.03402   0.01231   0.03222   0.02484   0.01098   0.04086   0.02633   0.00509   0.00361   0.29094   4.22007   4.05440   1.53704   0.05914  14.74169  
 34  0.6815   6126.926221  x:  0.15906   0.14245   0.46518   0.02145   0.13792   0.06740   0.00198   0.12981   0.03342   0.01242   0.03376   0.02555   0.01031   0.04110   0.02564   0.00619   0.00250   0.28822   4.28774   3.92236   1.32298   0.05959  19.10672  
 35  1.3004   6126.417860  x:  0.15981   0.14326   0.46839   0.01967   0.13768   0.06703   0.00231   0.13699   0.03363   0.01117   0.03519   0.02608   0.01073   0.04204   0.02636   0.00557   0.00221   0.28388   4.32836   4.18985   1.65761   0.05598  23.97986  
 36  2.6812   6125.664634  x:  0.16145   0.14500   0.47924   0.01814   0.13697   0.06669   0.00215   0.15104   0.03456   0.01200   0.03438   0.02419   0.01176   0.04246   0.02723   0.00420   0.00262   0.27426   4.28981   3.99466   1.54591   0.05542  31.54937  
 37  2.5753   6125.023072  x:  0.15965   0.14336   0.47056   0.02079   0.13781   0.06679   0.00222   0.17192   0.03303   0.01375   0.03289   0.02524   0.01136   0.04120   0.02609   0.00491   0.00250   0.27010   4.27205   4.20439   1.67774   0.05959  43.30384  
 38  5.3583   6124.689509  x:  0.15894   0.14282   0.46820   0.01995   0.13861   0.06705   0.00227   0.19039   0.03346   0.01447   0.03359   0.02606   0.01121   0.04103   0.02598   0.00511   0.00306   0.27529   4.27391   4.05031   1.55962   0.05821  53.73514  
 39  5.0937   6124.531046  x:  0.15907   0.14311   0.46573   0.01938   0.13828   0.06708   0.00248   0.20573   0.03400   0.01418   0.03398   0.02527   0.01111   0.04152   0.02620   0.00483   0.00336   0.27804   4.28741   4.17560   1.70458   0.05694  63.57413  
 40  7.3189   6124.465423  x:  0.15899   0.14320   0.45964   0.02022   0.13727   0.06718   0.00242   0.22208   0.03348   0.01395   0.03342   0.02493   0.01095   0.04194   0.02621   0.00478   0.00340   0.27851   4.28976   4.14774   1.63402   0.05799  73.35670  
 41  5.0067   6124.437789  x:  0.15912   0.14347   0.46241   0.02047   0.13759   0.06693   0.00236   0.23459   0.03375   0.01356   0.03376   0.02567   0.01116   0.04141   0.02638   0.00476   0.00341   0.27726   4.29265   4.17747   1.67424   0.05772  81.34064  
 42  3.5386   6124.428670  x:  0.15907   0.14350   0.46416   0.02003   0.13767   0.06708   0.00232   0.24146   0.03371   0.01356   0.03363   0.02518   0.01118   0.04159   0.02631   0.00492   0.00334   0.27635   4.29632   4.17346   1.67137   0.05770  85.59960  
 43  2.6779   6124.426820  x:  0.15894   0.14342   0.46420   0.02013   0.13785   0.06695   0.00236   0.24494   0.03368   0.01362   0.03363   0.02533   0.01108   0.04164   0.02622   0.00487   0.00329   0.27638   4.29703   4.17856   1.67456   0.05787  87.87402  
 44  1.0373   6124.426339  x:  0.15897   0.14347   0.46430   0.02008   0.13776   0.06708   0.00238   0.24572   0.03368   0.01367   0.03366   0.02526   0.01109   0.04156   0.02624   0.00486   0.00326   0.27678   4.29749   4.17921   1.67732   0.05776  88.44293  
 45  0.3587   6124.426272  x:  0.15901   0.14351   0.46434   0.02007   0.13771   0.06704   0.00237   0.24536   0.03368   0.01368   0.03365   0.02528   0.01110   0.04162   0.02626   0.00486   0.00326   0.27693   4.29660   4.17946   1.67810   0.05776  88.28502  
 46  0.0881   6124.426243  x:  0.15900   0.14350   0.46425   0.02010   0.13774   0.06704   0.00236   0.24505   0.03368   0.01368   0.03365   0.02528   0.01112   0.04158   0.02627   0.00486   0.00325   0.27690   4.29576   4.18069   1.67921   0.05778  88.21101  
 47  0.0254   6124.426197  x:  0.15897   0.14347   0.46420   0.02004   0.13775   0.06707   0.00236   0.24467   0.03368   0.01367   0.03366   0.02528   0.01111   0.04161   0.02625   0.00486   0.00325   0.27687   4.29517   4.18234   1.68149   0.05777  88.25080  
 48  0.0090   6124.426166  x:  0.15898   0.14347   0.46419   0.02007   0.13773   0.06703   0.00237   0.24431   0.03368   0.01367   0.03366   0.02527   0.01110   0.04160   0.02626   0.00486   0.00326   0.27690   4.29511   4.18461   1.68382   0.05777  88.28275  
 49  0.0147   6124.426152  x:  0.15900   0.14349   0.46423   0.02008   0.13772   0.06705   0.00237   0.24411   0.03368   0.01367   0.03365   0.02528   0.01111   0.04160   0.02626   0.00486   0.00326   0.27689   4.29565   4.18566   1.68440   0.05778  88.28417  
 50  0.0011   6124.426149  x:  0.15900   0.14349   0.46427   0.02007   0.13773   0.06705   0.00237   0.24407   0.03368   0.01368   0.03365   0.02527   0.01111   0.04160   0.02626   0.00486   0.00326   0.27688   4.29601   4.18559   1.68428   0.05777  88.26988  
 51  0.0090   6124.426149  x:  0.15899   0.14349   0.46427   0.02007   0.13773   0.06705   0.00237   0.24405   0.03368   0.01368   0.03365   0.02527   0.01111   0.04160   0.02626   0.00486   0.00326   0.27689   4.29602   4.18568   1.68436   0.05778  88.25715  
 52  0.0081   6124.426149  x:  0.15899   0.14349   0.46427   0.02007   0.13773   0.06705   0.00237   0.24405   0.03368   0.01368   0.03365   0.02527   0.01111   0.04160   0.02626   0.00486   0.00326   0.27689   4.29603   4.18565   1.68433   0.05778  88.25641  
 53  0.0008   6124.426149  x:  0.15899   0.14349   0.46427   0.02007   0.13773   0.06705   0.00237   0.24405   0.03368   0.01368   0.03365   0.02527   0.01111   0.04160   0.02626   0.00486   0.00326   0.27689   4.29605   4.18564   1.68433   0.05778  88.25555  
 54  0.0006   6124.426149  x:  0.15899   0.14349   0.46427   0.02007   0.13773   0.06705   0.00237   0.24405   0.03368   0.01368   0.03365   0.02527   0.01111   0.04160   0.02626   0.00486   0.00326   0.27689   4.29604   4.18565   1.68434   0.05778  88.25570  