Supplemental results for CODEML (seqf: family00306.seq  treef: H1.tree)


MLEs of dN/dS (w) for site classes (K=4)

site class             0        1       2a       2b
proportion       0.91142  0.07472  0.01281  0.00105
background w     0.05778  1.00000  0.05778  1.00000
foreground w     0.05778  1.00000 88.25570 88.25570

Naive Empirical Bayes (NEB) probabilities for 4 classes
(amino acids refer to 1st sequence: COW_R02002_COW)

   1 M   0.99683 0.00283 0.00034 0.00000 ( 1)
   2 G   0.47140 0.05014 0.47528 0.00318 ( 3)
   3 A   0.92280 0.07580 0.00128 0.00012 ( 1)
   4 L   0.87642 0.12269 0.00077 0.00012 ( 1)
   5 G   0.17007 0.82953 0.00006 0.00035 ( 2)
   6 P   0.88555 0.11341 0.00091 0.00014 ( 1)
   7 K   0.92997 0.06957 0.00043 0.00004 ( 1)
   8 L   0.97113 0.02796 0.00088 0.00003 ( 1)
   9 -   0.95358 0.04551 0.00086 0.00005 ( 1)
  10 P   0.97880 0.02018 0.00099 0.00002 ( 1)
  11 -   0.95774 0.04124 0.00097 0.00005 ( 1)
  12 -   0.95578 0.04380 0.00040 0.00002 ( 1)
  13 -   0.91142 0.07472 0.01281 0.00105 ( 1)
  14 -   0.47112 0.51501 0.00662 0.00724 ( 2)
  15 -   0.97656 0.02243 0.00099 0.00003 ( 1)
  16 -   0.98542 0.01367 0.00089 0.00001 ( 1)
  17 -   0.98584 0.01325 0.00089 0.00001 ( 1)
  18 -   0.98584 0.01325 0.00089 0.00001 ( 1)
  19 -   0.98584 0.01325 0.00089 0.00001 ( 1)
  20 -   0.93488 0.06359 0.00143 0.00010 ( 1)
  21 -   0.94280 0.04333 0.01326 0.00061 ( 1)
  22 -   0.29898 0.70063 0.00010 0.00029 ( 2)
  23 L   0.98197 0.01650 0.00150 0.00003 ( 1)
  24 G   0.97525 0.02339 0.00133 0.00003 ( 1)
  25 I   0.37695 0.62267 0.00013 0.00025 ( 2)
  26 G   0.87551 0.12312 0.00119 0.00018 ( 1)
  27 C   0.99165 0.00802 0.00032 0.00000 ( 1)
  28 C   0.17967 0.81998 0.00006 0.00029 ( 2)
  29 A   0.99359 0.00502 0.00137 0.00001 ( 1)
  30 R   0.99151 0.00764 0.00084 0.00001 ( 1)
  31 E   0.38992 0.60233 0.00323 0.00452 ( 2)
  32 V   0.99554 0.00331 0.00114 0.00000 ( 1)
  33 L   0.67028 0.32878 0.00061 0.00034 ( 1)
  34 V   0.99438 0.00443 0.00119 0.00001 ( 1)
  35 P   0.99000 0.00861 0.00138 0.00001 ( 1)
  36 Q   0.02696 0.97206 0.00002 0.00095 ( 2)
  37 G   0.99350 0.00539 0.00110 0.00001 ( 1)
  38 P   0.99061 0.00836 0.00101 0.00001 ( 1)
  39 L   0.98654 0.01309 0.00036 0.00001 ( 1)
  40 Y   0.98793 0.01180 0.00027 0.00000 ( 1)
  41 R   0.98463 0.01359 0.00175 0.00003 ( 1)
  42 V   0.99554 0.00331 0.00114 0.00000 ( 1)
  43 A   0.15433 0.73647 0.08396 0.02524 ( 2)
  44 G   0.99012 0.00852 0.00135 0.00001 ( 1)
  45 T   0.99041 0.00897 0.00062 0.00001 ( 1)
  46 A   0.98755 0.01083 0.00161 0.00002 ( 1)
  47 I   0.92206 0.07674 0.00110 0.00011 ( 1)
  48 S   0.99059 0.00899 0.00042 0.00000 ( 1)
  49 I   0.99456 0.00505 0.00038 0.00000 ( 1)
  50 S   0.88120 0.11837 0.00037 0.00006 ( 1)
  51 C   0.99165 0.00802 0.00032 0.00000 ( 1)
  52 N   0.98412 0.01561 0.00027 0.00000 ( 1)
  53 V   0.99540 0.00345 0.00114 0.00000 ( 1)
  54 S   0.72007 0.27933 0.00042 0.00018 ( 1)
  55 G   0.16624 0.83300 0.00012 0.00064 ( 2)
  56 Y   0.97574 0.02384 0.00041 0.00001 ( 1)
  57 E   0.99668 0.00253 0.00079 0.00000 ( 1)
  58 G   0.99301 0.00589 0.00110 0.00001 ( 1)
  59 S   0.72686 0.27180 0.00096 0.00038 ( 1)
  60 A   0.99359 0.00502 0.00137 0.00001 ( 1)
  61 Q   0.99292 0.00648 0.00059 0.00000 ( 1)
  62 Q   0.99153 0.00788 0.00059 0.00001 ( 1)
  63 D   0.91282 0.08691 0.00025 0.00003 ( 1)
  64 F   0.98977 0.00981 0.00041 0.00000 ( 1)
  65 E   0.99668 0.00253 0.00079 0.00000 ( 1)
  66 W   0.99072 0.00897 0.00031 0.00000 ( 1)
  67 F   0.99223 0.00743 0.00033 0.00000 ( 1)
  68 L   0.86774 0.13134 0.00078 0.00013 ( 1)
  69 Y   0.98818 0.01155 0.00027 0.00000 ( 1)
  70 R   0.99329 0.00635 0.00036 0.00000 ( 1)
  71 P   0.99024 0.00873 0.00101 0.00001 ( 1)
  72 E   0.99668 0.00253 0.00079 0.00000 ( 1)
  73 A   0.99359 0.00502 0.00137 0.00001 ( 1)
  74 P   0.98173 0.01725 0.00099 0.00002 ( 1)
  75 E   0.12314 0.87611 0.00008 0.00067 ( 2)
  76 A   0.22558 0.77379 0.00013 0.00049 ( 2)
  77 A   0.18577 0.81246 0.00030 0.00147 ( 2)
  78 L   0.99093 0.00819 0.00088 0.00001 ( 1)
  79 G   0.88814 0.11149 0.00032 0.00004 ( 1)
  80 I   0.98796 0.01160 0.00043 0.00001 ( 1)
  81 V   0.99438 0.00443 0.00119 0.00001 ( 1)
  82 S   0.98873 0.01090 0.00036 0.00000 ( 1)
  83 T   0.99463 0.00489 0.00048 0.00000 ( 1)
  84 R   0.03163 0.90165 0.02328 0.04344 ( 2)
  85 D   0.99044 0.00887 0.00068 0.00001 ( 1)
  86 P   0.00007 0.94453 0.00006 0.05534 ( 2)
  87 R   0.26229 0.73705 0.00016 0.00050 ( 2)
  88 F   0.99223 0.00743 0.00033 0.00000 ( 1)
  89 S   0.00263 0.00632 0.98249 0.00857 ( 3)
  90 Y   0.97556 0.02402 0.00041 0.00001 ( 1)
  91 A   0.99038 0.00827 0.00133 0.00001 ( 1)
  92 I   0.03747 0.96209 0.00001 0.00043 ( 2)
  93 F   0.98826 0.01141 0.00033 0.00000 ( 1)
  94 G   0.24803 0.75166 0.00007 0.00024 ( 2)
  95 P   0.78461 0.21433 0.00080 0.00025 ( 1)
  96 R   0.97129 0.02710 0.00156 0.00005 ( 1)
  97 V   0.99554 0.00331 0.00114 0.00000 ( 1)
  98 A   0.31008 0.68894 0.00028 0.00071 ( 2)
  99 A   0.85629 0.14233 0.00115 0.00023 ( 1)
 100 G   0.98182 0.01701 0.00115 0.00002 ( 1)
 101 E   0.94368 0.05552 0.00075 0.00005 ( 1)
 102 V   0.40637 0.59234 0.00047 0.00082 ( 2)
 103 Q   0.99292 0.00648 0.00059 0.00000 ( 1)
 104 V   0.99554 0.00331 0.00114 0.00000 ( 1)
 105 Q   0.99292 0.00648 0.00059 0.00000 ( 1)
 106 R   0.98984 0.00933 0.00082 0.00001 ( 1)
 107 L   0.98494 0.01353 0.00150 0.00002 ( 1)
 108 Q   0.83454 0.16469 0.00063 0.00013 ( 1)
 109 G   0.98754 0.01135 0.00109 0.00001 ( 1)
 110 D   0.99052 0.00867 0.00080 0.00001 ( 1)
 111 A   0.33053 0.66747 0.00060 0.00141 ( 2)
 112 A   0.00255 0.99351 0.00001 0.00393 ( 2)
 113 V   0.99541 0.00344 0.00114 0.00000 ( 1)
 114 L   0.88375 0.11536 0.00078 0.00012 ( 1)
 115 R   0.91343 0.08629 0.00025 0.00003 ( 1)
 116 I   0.98503 0.01453 0.00043 0.00001 ( 1)
 117 S   0.88063 0.10713 0.01071 0.00154 ( 1)
 118 R   0.99067 0.00850 0.00083 0.00001 ( 1)
 119 L   0.99069 0.00840 0.00090 0.00001 ( 1)
 120 Q   0.99292 0.00648 0.00059 0.00000 ( 1)
 121 A   0.91732 0.08128 0.00127 0.00013 ( 1)
 122 Q   0.99292 0.00648 0.00059 0.00000 ( 1)
 123 D   0.99201 0.00731 0.00068 0.00001 ( 1)
 124 A   0.77760 0.22075 0.00127 0.00039 ( 1)
 125 G   0.99317 0.00572 0.00110 0.00001 ( 1)
 126 I   0.10274 0.89679 0.00004 0.00043 ( 2)
 127 Y   0.97913 0.02045 0.00041 0.00001 ( 1)
 128 E   0.99608 0.00313 0.00079 0.00000 ( 1)
 129 C   0.99165 0.00802 0.00032 0.00000 ( 1)
 130 Y   0.86140 0.13800 0.00051 0.00009 ( 1)
 131 T   0.99348 0.00604 0.00048 0.00000 ( 1)
 132 P   0.99164 0.00733 0.00102 0.00001 ( 1)
 133 S   0.99192 0.00765 0.00042 0.00000 ( 1)
 134 T   0.98394 0.01547 0.00058 0.00001 ( 1)
 135 D   0.99037 0.00895 0.00068 0.00001 ( 1)
 136 A   0.39069 0.60878 0.00019 0.00034 ( 2)
 137 R   0.80769 0.19146 0.00067 0.00018 ( 1)
 138 Y   0.98878 0.01095 0.00027 0.00000 ( 1)
 139 L   0.98914 0.00871 0.00213 0.00002 ( 1)
 140 G   0.99317 0.00572 0.00110 0.00001 ( 1)
 141 S   0.91574 0.08391 0.00032 0.00003 ( 1)
 142 Y   0.98889 0.01084 0.00027 0.00000 ( 1)
 143 S   0.99360 0.00605 0.00035 0.00000 ( 1)
 144 G   0.28948 0.70913 0.00032 0.00106 ( 2)
 145 K   0.99344 0.00628 0.00028 0.00000 ( 1)
 146 V   0.99554 0.00331 0.00114 0.00000 ( 1)
 147 E   0.99608 0.00313 0.00079 0.00000 ( 1)
 148 L   0.99069 0.00840 0.00090 0.00001 ( 1)
 149 R   0.97561 0.02390 0.00048 0.00001 ( 1)
 150 V   0.98398 0.01464 0.00136 0.00002 ( 1)
 151 L   0.97900 0.01988 0.00110 0.00002 ( 1)
 152 P   0.97246 0.02588 0.00162 0.00005 ( 1)
 153 D   0.99044 0.00887 0.00068 0.00001 ( 1)
 154 T   0.00171 0.99689 0.00000 0.00140 ( 2)
 155 L   0.98748 0.01100 0.00151 0.00002 ( 1)
 156 Q   0.99292 0.00648 0.00059 0.00000 ( 1)
 157 V   0.99458 0.00425 0.00116 0.00001 ( 1)
 158 S   0.97778 0.02164 0.00057 0.00001 ( 1)
 159 A   0.98290 0.01548 0.00160 0.00003 ( 1)
 160 S   0.32436 0.67380 0.00055 0.00129 ( 2)
 161 P   0.99000 0.00861 0.00138 0.00001 ( 1)
 162 P   0.24675 0.09706 0.64086 0.01533 ( 3)
 163 G   0.99269 0.00595 0.00135 0.00001 ( 1)
 164 P   0.99164 0.00733 0.00102 0.00001 ( 1)
 165 R   0.96288 0.03551 0.00155 0.00006 ( 1)
 166 G   0.99336 0.00554 0.00110 0.00001 ( 1)
 167 R   0.99078 0.00839 0.00082 0.00001 ( 1)
 168 Q   0.99292 0.00648 0.00059 0.00000 ( 1)
 169 A   0.99291 0.00571 0.00137 0.00001 ( 1)
 170 P   0.81332 0.18500 0.00135 0.00033 ( 1)
 171 T   0.99383 0.00569 0.00048 0.00000 ( 1)
 172 S   0.97764 0.02147 0.00087 0.00002 ( 1)
 173 P   0.99164 0.00733 0.00102 0.00001 ( 1)
 174 P   0.68702 0.31129 0.00114 0.00055 ( 1)
 175 R   0.99078 0.00839 0.00082 0.00001 ( 1)
 176 L   0.29228 0.70667 0.00028 0.00077 ( 2)
 177 T   0.18779 0.76513 0.03684 0.01025 ( 2)
 178 V   0.99554 0.00331 0.00114 0.00000 ( 1)
 179 H   0.62686 0.08920 0.28146 0.00248 ( 1)
 180 E   0.99668 0.00253 0.00079 0.00000 ( 1)
 181 G   0.99358 0.00531 0.00110 0.00001 ( 1)
 182 Q   0.99292 0.00648 0.00059 0.00000 ( 1)
 183 E   0.99668 0.00253 0.00079 0.00000 ( 1)
 184 L   0.98971 0.00939 0.00089 0.00001 ( 1)
 185 A   0.80850 0.18973 0.00141 0.00036 ( 1)
 186 L   0.99069 0.00840 0.00090 0.00001 ( 1)
 187 G   0.99246 0.00644 0.00110 0.00001 ( 1)
 188 C   0.99165 0.00802 0.00032 0.00000 ( 1)
 189 L   0.98806 0.01041 0.00151 0.00002 ( 1)
 190 A   0.99426 0.00440 0.00134 0.00001 ( 1)
 191 R   0.78785 0.21178 0.00028 0.00009 ( 1)
 192 T   0.99126 0.00812 0.00062 0.00001 ( 1)
 193 S   0.02841 0.95217 0.00600 0.01343 ( 2)
 194 T   0.98306 0.01632 0.00061 0.00001 ( 1)
 195 Q   0.88473 0.11466 0.00053 0.00008 ( 1)
 196 K   0.29583 0.70386 0.00008 0.00023 ( 2)
 197 H   0.99373 0.00569 0.00058 0.00000 ( 1)
 198 T   0.98049 0.01888 0.00061 0.00001 ( 1)
 199 H   0.99373 0.00569 0.00058 0.00000 ( 1)
 200 L   0.99069 0.00840 0.00090 0.00001 ( 1)
 201 A   0.81050 0.18773 0.00142 0.00035 ( 1)
 202 V   0.99544 0.00339 0.00116 0.00000 ( 1)
 203 S   0.99192 0.00765 0.00042 0.00000 ( 1)
 204 F   0.98127 0.01831 0.00041 0.00001 ( 1)
 205 G   0.99450 0.00439 0.00110 0.00001 ( 1)
 206 R   0.96183 0.03656 0.00155 0.00006 ( 1)
 207 A   0.84837 0.15104 0.00049 0.00009 ( 1)
 208 V   0.89631 0.10252 0.00103 0.00014 ( 1)
 209 P   0.98863 0.00998 0.00138 0.00002 ( 1)
 210 E   0.99668 0.00253 0.00079 0.00000 ( 1)
 211 A   0.90723 0.09159 0.00104 0.00013 ( 1)
 212 P   0.97756 0.02077 0.00163 0.00004 ( 1)
 213 V   0.99308 0.00553 0.00137 0.00001 ( 1)
 214 G   0.99450 0.00439 0.00110 0.00001 ( 1)
 215 R   0.96374 0.03465 0.00155 0.00006 ( 1)
 216 A   0.86442 0.13382 0.00151 0.00025 ( 1)
 217 T   0.98250 0.01692 0.00058 0.00001 ( 1)
 218 L   0.98900 0.01009 0.00089 0.00001 ( 1)
 219 Q   0.99292 0.00648 0.00059 0.00000 ( 1)
 220 E   0.98538 0.01391 0.00069 0.00001 ( 1)
 221 V   0.99471 0.00414 0.00114 0.00001 ( 1)
 222 V   0.99554 0.00331 0.00114 0.00000 ( 1)
 223 G   0.98428 0.01436 0.00134 0.00002 ( 1)
 224 L   0.88162 0.11799 0.00034 0.00005 ( 1)
 225 R   0.80691 0.19223 0.00068 0.00019 ( 1)
 226 P   0.22636 0.77272 0.00020 0.00072 ( 2)
 227 D   0.99570 0.00352 0.00077 0.00000 ( 1)
 228 L   0.77170 0.22792 0.00028 0.00009 ( 1)
 229 A   0.99259 0.00572 0.00168 0.00001 ( 1)
 230 V   0.99554 0.00331 0.00114 0.00000 ( 1)
 231 D   0.95538 0.04382 0.00076 0.00004 ( 1)
 232 A   0.98621 0.01231 0.00146 0.00002 ( 1)
 233 G   0.97525 0.02339 0.00133 0.00003 ( 1)
 234 A   0.98802 0.01035 0.00161 0.00002 ( 1)
 235 P   0.99164 0.00733 0.00102 0.00001 ( 1)
 236 Y   0.97628 0.02329 0.00041 0.00001 ( 1)
 237 A   0.98481 0.01356 0.00160 0.00002 ( 1)
 238 A   0.91325 0.08595 0.00072 0.00008 ( 1)
 239 R   0.97220 0.02619 0.00157 0.00004 ( 1)
 240 L   0.98882 0.01028 0.00089 0.00001 ( 1)
 241 A   0.78075 0.21759 0.00127 0.00039 ( 1)
 242 A   0.80806 0.19017 0.00141 0.00036 ( 1)
 243 G   0.99450 0.00439 0.00110 0.00001 ( 1)
 244 E   0.99668 0.00253 0.00079 0.00000 ( 1)
 245 L   0.98052 0.01835 0.00110 0.00002 ( 1)
 246 R   0.96955 0.01456 0.01564 0.00025 ( 1)
 247 L   0.99069 0.00840 0.00090 0.00001 ( 1)
 248 G   0.28552 0.71324 0.00033 0.00091 ( 2)
 249 K   0.99441 0.00531 0.00028 0.00000 ( 1)
 250 E   0.99048 0.00882 0.00070 0.00001 ( 1)
 251 G   0.99437 0.00453 0.00110 0.00001 ( 1)
 252 P   0.17749 0.82212 0.00006 0.00033 ( 2)
 253 E   0.88194 0.11737 0.00060 0.00009 ( 1)
 254 R   0.99141 0.00775 0.00084 0.00001 ( 1)
 255 Y   0.98889 0.01084 0.00027 0.00000 ( 1)
 256 R   0.98912 0.01005 0.00082 0.00001 ( 1)
 257 M   0.99683 0.00283 0.00034 0.00000 ( 1)
 258 V   0.99183 0.00676 0.00140 0.00001 ( 1)
 259 L   0.85386 0.14473 0.00120 0.00022 ( 1)
 260 G   0.99241 0.00623 0.00135 0.00001 ( 1)
 261 G   0.98182 0.01701 0.00115 0.00002 ( 1)
 262 A   0.99358 0.00504 0.00137 0.00001 ( 1)
 263 Q   0.99292 0.00648 0.00059 0.00000 ( 1)
 264 A   0.98332 0.01493 0.00172 0.00003 ( 1)
 265 D   0.80123 0.19763 0.00089 0.00026 ( 1)
 266 D   0.99567 0.00355 0.00077 0.00000 ( 1)
 267 A   0.16989 0.82826 0.00030 0.00155 ( 2)
 268 G   0.99306 0.00583 0.00110 0.00001 ( 1)
 269 T   0.99456 0.00496 0.00048 0.00000 ( 1)
 270 Y   0.98889 0.01084 0.00027 0.00000 ( 1)
 271 H   0.99373 0.00569 0.00058 0.00000 ( 1)
 272 C   0.99032 0.00936 0.00032 0.00000 ( 1)
 273 T   0.98703 0.01238 0.00058 0.00001 ( 1)
 274 A   0.99359 0.00502 0.00137 0.00001 ( 1)
 275 T   0.84402 0.15433 0.00137 0.00027 ( 1)
 276 E   0.99668 0.00253 0.00079 0.00000 ( 1)
 277 W   0.99072 0.00897 0.00031 0.00000 ( 1)
 278 I   0.98341 0.01615 0.00043 0.00001 ( 1)
 279 Q   0.99292 0.00648 0.00059 0.00000 ( 1)
 280 D   0.98937 0.00994 0.00067 0.00001 ( 1)
 281 P   0.98041 0.01827 0.00129 0.00003 ( 1)
 282 D   0.99071 0.00860 0.00068 0.00001 ( 1)
 283 G   0.99243 0.00647 0.00110 0.00001 ( 1)
 284 S   0.24765 0.75196 0.00009 0.00031 ( 2)
 285 W   0.99072 0.00897 0.00031 0.00000 ( 1)
 286 A   0.92438 0.07422 0.00128 0.00012 ( 1)
 287 Q   0.99292 0.00648 0.00059 0.00000 ( 1)
 288 I   0.89300 0.10656 0.00039 0.00005 ( 1)
 289 A   0.98100 0.01726 0.00172 0.00003 ( 1)
 290 E   0.99668 0.00253 0.00079 0.00000 ( 1)
 291 K   0.99127 0.00839 0.00034 0.00000 ( 1)
 292 R   0.99470 0.00494 0.00036 0.00000 ( 1)
 293 A   0.78597 0.21343 0.00046 0.00014 ( 1)
 294 V   0.99445 0.00436 0.00119 0.00001 ( 1)
 295 L   0.99069 0.00840 0.00090 0.00001 ( 1)
 296 A   0.99290 0.00571 0.00137 0.00001 ( 1)
 297 H   0.99101 0.00840 0.00058 0.00001 ( 1)
 298 V   0.99493 0.00392 0.00114 0.00001 ( 1)
 299 D   0.99374 0.00549 0.00077 0.00001 ( 1)
 300 V   0.99503 0.00382 0.00114 0.00001 ( 1)
 301 Q   0.99292 0.00648 0.00059 0.00000 ( 1)
 302 T   0.99247 0.00695 0.00058 0.00001 ( 1)
 303 L   0.99069 0.00840 0.00090 0.00001 ( 1)
 304 S   0.99192 0.00765 0.00042 0.00000 ( 1)
 305 S   0.99470 0.00495 0.00035 0.00000 ( 1)
 306 Q   0.99292 0.00648 0.00059 0.00000 ( 1)
 307 L   0.99069 0.00840 0.00090 0.00001 ( 1)
 308 A   0.98203 0.01622 0.00172 0.00003 ( 1)
 309 V   0.99543 0.00342 0.00114 0.00000 ( 1)
 310 T   0.98393 0.01544 0.00061 0.00001 ( 1)
 311 V   0.99554 0.00331 0.00114 0.00000 ( 1)
 312 G   0.99340 0.00549 0.00110 0.00001 ( 1)
 313 P   0.97847 0.02021 0.00129 0.00003 ( 1)
 314 G   0.98667 0.01223 0.00109 0.00002 ( 1)
 315 E   0.98754 0.01176 0.00069 0.00001 ( 1)
 316 R   0.71850 0.28047 0.00073 0.00030 ( 1)
 317 R   0.99141 0.00775 0.00084 0.00001 ( 1)
 318 V   0.89849 0.09998 0.00136 0.00017 ( 1)
 319 G   0.99317 0.00572 0.00110 0.00001 ( 1)
 320 P   0.97547 0.02287 0.00163 0.00004 ( 1)
 321 G   0.99438 0.00452 0.00110 0.00001 ( 1)
 322 E   0.99599 0.00322 0.00079 0.00000 ( 1)
 323 P   0.99179 0.00719 0.00102 0.00001 ( 1)
 324 L   0.97680 0.02283 0.00036 0.00001 ( 1)
 325 E   0.98754 0.01176 0.00069 0.00001 ( 1)
 326 L   0.99069 0.00840 0.00090 0.00001 ( 1)
 327 L   0.99069 0.00840 0.00090 0.00001 ( 1)
 328 C   0.99165 0.00802 0.00032 0.00000 ( 1)
 329 N   0.98330 0.01642 0.00027 0.00000 ( 1)
 330 V   0.99554 0.00331 0.00114 0.00000 ( 1)
 331 S   0.97764 0.02147 0.00087 0.00002 ( 1)
 332 G   0.99340 0.00550 0.00110 0.00001 ( 1)
 333 A   0.98522 0.01304 0.00172 0.00002 ( 1)
 334 L   0.98990 0.00922 0.00087 0.00001 ( 1)
 335 P   0.99164 0.00733 0.00102 0.00001 ( 1)
 336 P   0.97987 0.01873 0.00137 0.00003 ( 1)
 337 P   0.79106 0.20716 0.00138 0.00039 ( 1)
 338 G   0.99317 0.00572 0.00110 0.00001 ( 1)
 339 R   0.97907 0.01991 0.00099 0.00002 ( 1)
 340 H   0.98393 0.01546 0.00060 0.00001 ( 1)
 341 A   0.98481 0.01356 0.00160 0.00002 ( 1)
 342 A   0.99082 0.00738 0.00178 0.00001 ( 1)
 343 Y   0.98889 0.01084 0.00027 0.00000 ( 1)
 344 S   0.97982 0.01960 0.00057 0.00001 ( 1)
 345 V   0.99441 0.00444 0.00114 0.00001 ( 1)
 346 G   0.99000 0.00883 0.00116 0.00001 ( 1)
 347 W   0.99072 0.00897 0.00031 0.00000 ( 1)
 348 E   0.99668 0.00253 0.00079 0.00000 ( 1)
 349 M   0.99683 0.00283 0.00034 0.00000 ( 1)
 350 A   0.98165 0.01660 0.00172 0.00003 ( 1)
 351 P   0.98058 0.01811 0.00129 0.00003 ( 1)
 352 A   0.99155 0.00709 0.00135 0.00001 ( 1)
 353 G   0.99450 0.00439 0.00110 0.00001 ( 1)
 354 A   0.98273 0.01552 0.00172 0.00003 ( 1)
 355 P   0.98100 0.01711 0.00186 0.00004 ( 1)
 356 G   0.99350 0.00539 0.00110 0.00001 ( 1)
 357 P   0.98449 0.01420 0.00130 0.00002 ( 1)
 358 G   0.99317 0.00572 0.00110 0.00001 ( 1)
 359 R   0.99078 0.00839 0.00082 0.00001 ( 1)
 360 L   0.98963 0.00946 0.00090 0.00001 ( 1)
 361 V   0.99167 0.00693 0.00139 0.00001 ( 1)
 362 A   0.99359 0.00502 0.00137 0.00001 ( 1)
 363 Q   0.99292 0.00648 0.00059 0.00000 ( 1)
 364 L   0.98494 0.01344 0.00159 0.00002 ( 1)
 365 D   0.99616 0.00307 0.00077 0.00000 ( 1)
 366 T   0.99289 0.00649 0.00062 0.00000 ( 1)
 367 E   0.99412 0.00509 0.00079 0.00000 ( 1)
 368 G   0.98184 0.01699 0.00115 0.00002 ( 1)
 369 V   0.87836 0.12046 0.00101 0.00017 ( 1)
 370 G   0.99317 0.00572 0.00110 0.00001 ( 1)
 371 S   0.99470 0.00495 0.00035 0.00000 ( 1)
 372 L   0.99069 0.00840 0.00090 0.00001 ( 1)
 373 G   0.99317 0.00572 0.00110 0.00001 ( 1)
 374 P   0.98041 0.01827 0.00129 0.00003 ( 1)
 375 G   0.99317 0.00572 0.00110 0.00001 ( 1)
 376 Y   0.97537 0.02421 0.00041 0.00001 ( 1)
 377 E   0.99668 0.00253 0.00079 0.00000 ( 1)
 378 G   0.91759 0.08129 0.00101 0.00010 ( 1)
 379 R   0.98491 0.01348 0.00159 0.00002 ( 1)
 380 H   0.99373 0.00569 0.00058 0.00000 ( 1)
 381 I   0.98604 0.01357 0.00038 0.00001 ( 1)
 382 A   0.99359 0.00502 0.00137 0.00001 ( 1)
 383 M   0.99683 0.00283 0.00034 0.00000 ( 1)
 384 E   0.99608 0.00313 0.00079 0.00000 ( 1)
 385 K   0.99297 0.00675 0.00028 0.00000 ( 1)
 386 V   0.99471 0.00414 0.00114 0.00001 ( 1)
 387 A   0.98073 0.01752 0.00171 0.00003 ( 1)
 388 S   0.99192 0.00765 0.00042 0.00000 ( 1)
 389 R   0.95292 0.04659 0.00046 0.00002 ( 1)
 390 T   0.99171 0.00767 0.00062 0.00001 ( 1)
 391 Y   0.98889 0.01084 0.00027 0.00000 ( 1)
 392 R   0.98975 0.00940 0.00084 0.00001 ( 1)
 393 L   0.97357 0.02490 0.00149 0.00004 ( 1)
 394 R   0.99013 0.00902 0.00084 0.00001 ( 1)
 395 L   0.98013 0.01307 0.00670 0.00010 ( 1)
 396 E   0.99668 0.00253 0.00079 0.00000 ( 1)
 397 A   0.98495 0.01343 0.00160 0.00002 ( 1)
 398 A   0.99359 0.00502 0.00137 0.00001 ( 1)
 399 R   0.99103 0.00861 0.00036 0.00000 ( 1)
 400 P   0.98123 0.01746 0.00129 0.00002 ( 1)
 401 A   0.52953 0.46926 0.00062 0.00060 ( 1)
 402 D   0.99037 0.00895 0.00068 0.00001 ( 1)
 403 A   0.99177 0.00688 0.00133 0.00001 ( 1)
 404 G   0.99317 0.00572 0.00110 0.00001 ( 1)
 405 T   0.99352 0.00513 0.00134 0.00001 ( 1)
 406 Y   0.98889 0.01084 0.00027 0.00000 ( 1)
 407 R   0.99078 0.00839 0.00082 0.00001 ( 1)
 408 C   0.99165 0.00802 0.00032 0.00000 ( 1)
 409 L   0.99103 0.00809 0.00088 0.00001 ( 1)
 410 A   0.99359 0.00502 0.00137 0.00001 ( 1)
 411 K   0.97838 0.02128 0.00033 0.00001 ( 1)
 412 A   0.99359 0.00502 0.00137 0.00001 ( 1)
 413 Y   0.97550 0.02408 0.00041 0.00001 ( 1)
 414 V   0.98792 0.01070 0.00137 0.00002 ( 1)
 415 R   0.96850 0.03042 0.00104 0.00003 ( 1)
 416 G   0.99450 0.00439 0.00110 0.00001 ( 1)
 417 S   0.97992 0.01950 0.00057 0.00001 ( 1)
 418 G   0.99450 0.00439 0.00110 0.00001 ( 1)
 419 A   0.90952 0.08999 0.00044 0.00005 ( 1)
 420 R   0.99151 0.00764 0.00084 0.00001 ( 1)
 421 L   0.97900 0.01988 0.00110 0.00002 ( 1)
 422 R   0.97378 0.02520 0.00099 0.00003 ( 1)
 423 E   0.98538 0.01391 0.00069 0.00001 ( 1)
 424 A   0.98486 0.01340 0.00172 0.00003 ( 1)
 425 A   0.99359 0.00502 0.00137 0.00001 ( 1)
 426 S   0.98413 0.01551 0.00036 0.00001 ( 1)
 427 A   0.98359 0.00751 0.00883 0.00008 ( 1)
 428 R   0.98261 0.01638 0.00100 0.00002 ( 1)
 429 S   0.99090 0.00868 0.00042 0.00000 ( 1)
 430 R   0.99151 0.00764 0.00084 0.00001 ( 1)
 431 P   0.98058 0.01811 0.00129 0.00003 ( 1)
 432 L   0.99211 0.00701 0.00088 0.00001 ( 1)
 433 P   0.98058 0.01811 0.00129 0.00003 ( 1)
 434 V   0.99540 0.00345 0.00114 0.00000 ( 1)
 435 H   0.99096 0.00845 0.00058 0.00001 ( 1)
 436 V   0.99540 0.00345 0.00114 0.00000 ( 1)
 437 R   0.98386 0.01529 0.00083 0.00001 ( 1)
 438 E   0.99423 0.00498 0.00079 0.00000 ( 1)
 439 E   0.98538 0.01391 0.00069 0.00001 ( 1)
 440 G   0.98458 0.01425 0.00115 0.00002 ( 1)
 441 V   0.99554 0.00331 0.00114 0.00000 ( 1)
 442 V   0.99554 0.00331 0.00114 0.00000 ( 1)
 443 L   0.98887 0.01022 0.00089 0.00001 ( 1)
 444 E   0.99668 0.00253 0.00079 0.00000 ( 1)
 445 A   0.98481 0.01356 0.00160 0.00002 ( 1)
 446 V   0.99554 0.00331 0.00114 0.00000 ( 1)
 447 A   0.99225 0.00641 0.00133 0.00001 ( 1)
 448 W   0.99072 0.00897 0.00031 0.00000 ( 1)
 449 L   0.97117 0.02730 0.00148 0.00004 ( 1)
 450 -   0.91142 0.07472 0.01281 0.00105 ( 1)
 451 -   0.91142 0.07472 0.01281 0.00105 ( 1)
 452 -   0.91142 0.07472 0.01281 0.00105 ( 1)
 453 -   0.91142 0.07472 0.01281 0.00105 ( 1)
 454 -   0.91142 0.07472 0.01281 0.00105 ( 1)
 455 -   0.91142 0.07472 0.01281 0.00105 ( 1)
 456 -   0.91142 0.07472 0.01281 0.00105 ( 1)
 457 -   0.91142 0.07472 0.01281 0.00105 ( 1)
 458 -   0.91142 0.07472 0.01281 0.00105 ( 1)
 459 -   0.91142 0.07472 0.01281 0.00105 ( 1)
 460 -   0.91142 0.07472 0.01281 0.00105 ( 1)
 461 -   0.91142 0.07472 0.01281 0.00105 ( 1)
 462 -   0.91142 0.07472 0.01281 0.00105 ( 1)
 463 -   0.91142 0.07472 0.01281 0.00105 ( 1)
 464 -   0.91142 0.07472 0.01281 0.00105 ( 1)
 465 -   0.91142 0.07472 0.01281 0.00105 ( 1)
 466 -   0.91142 0.07472 0.01281 0.00105 ( 1)
 467 -   0.91142 0.07472 0.01281 0.00105 ( 1)
 468 -   0.91142 0.07472 0.01281 0.00105 ( 1)
 469 -   0.91142 0.07472 0.01281 0.00105 ( 1)
 470 -   0.91142 0.07472 0.01281 0.00105 ( 1)
 471 -   0.91142 0.07472 0.01281 0.00105 ( 1)
 472 -   0.91142 0.07472 0.01281 0.00105 ( 1)
 473 -   0.91142 0.07472 0.01281 0.00105 ( 1)
 474 -   0.91142 0.07472 0.01281 0.00105 ( 1)
 475 -   0.91142 0.07472 0.01281 0.00105 ( 1)
 476 -   0.91142 0.07472 0.01281 0.00105 ( 1)
 477 -   0.91142 0.07472 0.01281 0.00105 ( 1)
 478 -   0.91142 0.07472 0.01281 0.00105 ( 1)
 479 -   0.91142 0.07472 0.01281 0.00105 ( 1)
 480 A   0.96812 0.01802 0.01361 0.00025 ( 1)
 481 G   0.97079 0.01535 0.01365 0.00022 ( 1)
 482 G   0.97959 0.00655 0.01377 0.00009 ( 1)
 483 A   0.74221 0.24393 0.01044 0.00343 ( 1)
 484 V   0.98222 0.00391 0.01381 0.00006 ( 1)
 485 Y   0.97429 0.01184 0.01370 0.00017 ( 1)
 486 R   0.97742 0.00872 0.01374 0.00012 ( 1)
 487 G   0.97986 0.00627 0.01378 0.00009 ( 1)
 488 E   0.98229 0.00384 0.01381 0.00005 ( 1)
 489 T   0.97312 0.01301 0.01368 0.00018 ( 1)
 490 A   0.97955 0.00659 0.01377 0.00009 ( 1)
 491 S   0.97761 0.00852 0.01374 0.00012 ( 1)
 492 L   0.97677 0.00937 0.01373 0.00013 ( 1)
 493 L   0.97359 0.01255 0.01369 0.00018 ( 1)
 494 C   0.97723 0.00891 0.01374 0.00013 ( 1)
 495 N   0.97903 0.00710 0.01376 0.00010 ( 1)
 496 I   0.97882 0.00731 0.01376 0.00010 ( 1)
 497 S   0.96915 0.01699 0.01363 0.00024 ( 1)
 498 V   0.98222 0.00391 0.01381 0.00006 ( 1)
 499 R   0.97671 0.00943 0.01373 0.00013 ( 1)
 500 G   0.97668 0.00945 0.01373 0.00013 ( 1)
 501 G   0.97847 0.00766 0.01376 0.00011 ( 1)
 502 P   0.97790 0.00824 0.01375 0.00012 ( 1)
 503 P   0.96033 0.02581 0.01350 0.00036 ( 1)
 504 G   0.97694 0.00920 0.01374 0.00013 ( 1)
 505 L   0.97659 0.00954 0.01373 0.00013 ( 1)
 506 R   0.97559 0.01054 0.01372 0.00015 ( 1)
 507 L   0.97489 0.01125 0.01371 0.00016 ( 1)
 508 A   0.97520 0.01093 0.01371 0.00015 ( 1)
 509 A   0.98033 0.00581 0.01378 0.00008 ( 1)
 510 S   0.98049 0.00564 0.01379 0.00008 ( 1)
 511 W   0.97624 0.00990 0.01373 0.00014 ( 1)
 512 W   0.97624 0.00990 0.01373 0.00014 ( 1)
 513 V   0.98222 0.00391 0.01381 0.00006 ( 1)
 514 E   0.98311 0.00302 0.01382 0.00004 ( 1)
 515 R   0.96015 0.02599 0.01350 0.00037 ( 1)
 516 P   0.69162 0.29451 0.00972 0.00414 ( 1)
 517 E   0.98311 0.00302 0.01382 0.00004 ( 1)
 518 E   0.93046 0.05568 0.01308 0.00078 ( 1)
 519 G   0.97580 0.01033 0.01372 0.00015 ( 1)
 520 E   0.91888 0.06726 0.01292 0.00095 ( 1)
 521 L   0.97708 0.00906 0.01374 0.00013 ( 1)
 522 S   0.98049 0.00564 0.01379 0.00008 ( 1)
 523 S   0.66579 0.32035 0.00936 0.00450 ( 1)
 524 A   0.19733 0.78881 0.00277 0.01109 ( 2)
 525 P   0.96473 0.02141 0.01356 0.00030 ( 1)
 526 A   0.99240 0.00591 0.00168 0.00001 ( 1)
 527 Q   0.99186 0.00755 0.00059 0.00001 ( 1)
 528 L   0.97998 0.00926 0.01065 0.00011 ( 1)
 529 V   0.98222 0.00391 0.01381 0.00006 ( 1)
 530 -   0.91142 0.07472 0.01281 0.00105 ( 1)
 531 -   0.91142 0.07472 0.01281 0.00105 ( 1)
 532 -   0.91142 0.07472 0.01281 0.00105 ( 1)
 533 -   0.91142 0.07472 0.01281 0.00105 ( 1)
 534 -   0.91142 0.07472 0.01281 0.00105 ( 1)
 535 G   0.97008 0.01606 0.01364 0.00023 ( 1)
 536 G   0.97833 0.00781 0.01376 0.00011 ( 1)
 537 V   0.99540 0.00345 0.00114 0.00000 ( 1)
 538 G   0.99238 0.00651 0.00110 0.00001 ( 1)
 539 Q   0.99292 0.00648 0.00059 0.00000 ( 1)
 540 D   0.98080 0.00534 0.01379 0.00008 ( 1)
 541 G   0.96794 0.01819 0.01361 0.00026 ( 1)
 542 V   0.98222 0.00391 0.01381 0.00006 ( 1)
 543 A   0.96434 0.02180 0.01356 0.00031 ( 1)
 544 E   0.98311 0.00302 0.01382 0.00004 ( 1)
 545 L   0.97677 0.00937 0.01373 0.00013 ( 1)
 546 G   0.97104 0.01509 0.01365 0.00021 ( 1)
 547 V   0.89223 0.09391 0.01254 0.00132 ( 1)
 548 R   0.97756 0.00857 0.01374 0.00012 ( 1)
 549 P   0.96604 0.02010 0.01358 0.00028 ( 1)
 550 G   0.96156 0.02457 0.01352 0.00035 ( 1)
 551 G   0.96678 0.01936 0.01359 0.00027 ( 1)
 552 G   0.97668 0.00946 0.01373 0.00013 ( 1)
 553 P   0.97046 0.01567 0.01364 0.00022 ( 1)
 554 V   0.89460 0.09154 0.01258 0.00129 ( 1)
 555 S   0.97924 0.00690 0.01377 0.00010 ( 1)
 556 V   0.97656 0.00958 0.01373 0.00013 ( 1)
 557 E   0.98311 0.00302 0.01382 0.00004 ( 1)
 558 L   0.49516 0.08232 0.41806 0.00447 ( 1)
 559 V   0.99544 0.00339 0.00116 0.00000 ( 1)
 560 -   0.91142 0.07472 0.01281 0.00105 ( 1)
 561 -   0.91142 0.07472 0.01281 0.00105 ( 1)
 562 -   0.91142 0.07472 0.01281 0.00105 ( 1)
 563 G   0.97833 0.00536 0.01621 0.00010 ( 1)
 564 P   0.98540 0.00755 0.00699 0.00006 ( 1)
 565 R   0.95074 0.03468 0.01402 0.00056 ( 1)
 566 S   0.97934 0.00680 0.01377 0.00010 ( 1)
 567 H   0.96955 0.01658 0.01363 0.00023 ( 1)
 568 R   0.97756 0.00857 0.01374 0.00012 ( 1)
 569 L   0.97489 0.01125 0.01371 0.00016 ( 1)
 570 R   0.96419 0.02195 0.01356 0.00031 ( 1)
 571 L   0.97266 0.01348 0.01368 0.00019 ( 1)
 572 H   0.97968 0.00645 0.01377 0.00009 ( 1)
 573 G   0.56552 0.42062 0.00795 0.00591 ( 1)
 574 L   0.96481 0.02132 0.01356 0.00030 ( 1)
 575 G   0.88402 0.10211 0.01243 0.00144 ( 1)
 576 P   0.97312 0.01301 0.01368 0.00018 ( 1)
 577 E   0.98311 0.00302 0.01382 0.00004 ( 1)
 578 D   0.97829 0.00784 0.01375 0.00011 ( 1)
 579 E   0.97112 0.01501 0.01365 0.00021 ( 1)
 580 G   0.97726 0.00887 0.01374 0.00012 ( 1)
 581 V   0.84684 0.13929 0.01191 0.00196 ( 1)
 582 Y   0.97429 0.01184 0.01370 0.00017 ( 1)
 583 H   0.97968 0.00645 0.01377 0.00009 ( 1)
 584 C   0.97005 0.01609 0.01364 0.00023 ( 1)
 585 A   0.98033 0.00581 0.01378 0.00008 ( 1)
 586 P   0.97660 0.00954 0.01373 0.00013 ( 1)
 587 S   0.97687 0.00927 0.01373 0.00013 ( 1)
 588 A   0.98033 0.00581 0.01378 0.00008 ( 1)
 589 W   0.97624 0.00990 0.01373 0.00014 ( 1)
 590 V   0.98222 0.00391 0.01381 0.00006 ( 1)
 591 Q   0.85255 0.13358 0.01199 0.00188 ( 1)
 592 H   0.97109 0.01504 0.01365 0.00021 ( 1)
 593 A   0.97499 0.01115 0.01371 0.00016 ( 1)
 594 D   0.98198 0.00415 0.01381 0.00006 ( 1)
 595 Y   0.81403 0.17211 0.01145 0.00242 ( 1)
 596 S   0.98049 0.00564 0.01379 0.00008 ( 1)
 597 W   0.97624 0.00990 0.01373 0.00014 ( 1)
 598 Y   0.97429 0.01184 0.01370 0.00017 ( 1)
 599 Q   0.97778 0.00836 0.01375 0.00012 ( 1)
 600 A   0.97804 0.00809 0.01375 0.00011 ( 1)
 601 G   0.97959 0.00655 0.01377 0.00009 ( 1)
 602 S   0.96951 0.01662 0.01363 0.00023 ( 1)
 603 A   0.98054 0.00560 0.01379 0.00008 ( 1)
 604 R   0.97679 0.00935 0.01373 0.00013 ( 1)
 605 -   0.91142 0.07472 0.01281 0.00105 ( 1)
 606 -   0.91142 0.07472 0.01281 0.00105 ( 1)
 607 -   0.91142 0.07472 0.01281 0.00105 ( 1)
 608 -   0.91142 0.07472 0.01281 0.00105 ( 1)
 609 -   0.91142 0.07472 0.01281 0.00105 ( 1)
 610 -   0.91142 0.07472 0.01281 0.00105 ( 1)
 611 -   0.91142 0.07472 0.01281 0.00105 ( 1)
 612 -   0.91142 0.07472 0.01281 0.00105 ( 1)
 613 -   0.91142 0.07472 0.01281 0.00105 ( 1)
 614 -   0.91142 0.07472 0.01281 0.00105 ( 1)
 615 -   0.91142 0.07472 0.01281 0.00105 ( 1)
 616 -   0.91142 0.07472 0.01281 0.00105 ( 1)
 617 -   0.91142 0.07472 0.01281 0.00105 ( 1)
 618 -   0.91142 0.07472 0.01281 0.00105 ( 1)
 619 -   0.91142 0.07472 0.01281 0.00105 ( 1)
 620 -   0.91142 0.07472 0.01281 0.00105 ( 1)
 621 -   0.91142 0.07472 0.01281 0.00105 ( 1)
 622 -   0.91142 0.07472 0.01281 0.00105 ( 1)
 623 -   0.91142 0.07472 0.01281 0.00105 ( 1)
 624 S   0.96793 0.02444 0.00743 0.00020 ( 1)
 625 G   0.97869 0.00461 0.01660 0.00009 ( 1)
 626 P   0.96473 0.02141 0.01356 0.00030 ( 1)
 627 V   0.97998 0.00615 0.01378 0.00009 ( 1)
 628 T   0.96237 0.02377 0.01353 0.00033 ( 1)
 629 V   0.98027 0.00587 0.01378 0.00008 ( 1)
 630 Y   0.97429 0.01184 0.01370 0.00017 ( 1)
 631 P   0.97688 0.00925 0.01373 0.00013 ( 1)
 632 Y   0.97429 0.01184 0.01370 0.00017 ( 1)
 633 T   0.90431 0.08182 0.01271 0.00115 ( 1)
 634 H   0.97092 0.01521 0.01365 0.00021 ( 1)
 635 A   0.00069 0.02449 0.86744 0.10737 ( 3)
 636 L   0.87264 0.12644 0.00079 0.00013 ( 1)
 637 D   0.99515 0.00408 0.00077 0.00000 ( 1)
 638 T   0.99336 0.00616 0.00048 0.00000 ( 1)
 639 L   0.96617 0.02643 0.00718 0.00022 ( 1)
 640 -   0.91142 0.07472 0.01281 0.00105 ( 1)
 641 F   0.11736 0.03882 0.82661 0.01721 ( 3)
 642 V   0.00002 0.00003 0.99557 0.00439 ( 3)
 643 P   0.98267 0.01102 0.00623 0.00007 ( 1)
 644 L   0.97930 0.00994 0.01064 0.00012 ( 1)
 645 L   0.97468 0.01146 0.01370 0.00016 ( 1)
 646 V   0.98181 0.00433 0.01380 0.00006 ( 1)
 647 G   0.96936 0.01677 0.01363 0.00024 ( 1)
 648 T   0.72043 0.26571 0.01013 0.00374 ( 1)
 649 G   0.84904 0.13710 0.01194 0.00193 ( 1)
 650 V   0.98042 0.00572 0.01378 0.00008 ( 1)
 651 A   0.97895 0.00719 0.01376 0.00010 ( 1)
 652 L   0.96138 0.02475 0.01352 0.00035 ( 1)
 653 V   0.97961 0.00652 0.01377 0.00009 ( 1)
 654 I   0.80357 0.18256 0.01130 0.00257 ( 1)
 655 G   0.97386 0.01227 0.01369 0.00017 ( 1)
 656 A   0.97980 0.00633 0.01378 0.00009 ( 1)
 657 T   0.78429 0.20185 0.01103 0.00284 ( 1)
 658 I   0.91180 0.08699 0.00109 0.00012 ( 1)
 659 L   0.98356 0.01531 0.00111 0.00002 ( 1)
 660 G   0.76761 0.21852 0.01079 0.00307 ( 1)
 661 S   0.86079 0.12534 0.01210 0.00176 ( 1)
 662 I   0.97991 0.00623 0.01378 0.00009 ( 1)
 663 T   0.97803 0.00810 0.01375 0.00011 ( 1)
 664 C   0.97664 0.00950 0.01373 0.00013 ( 1)
 665 C   0.97557 0.01056 0.01372 0.00015 ( 1)
 666 F   0.97576 0.01037 0.01372 0.00015 ( 1)
 667 M   0.98248 0.00366 0.01381 0.00005 ( 1)
 668 K   0.88303 0.10311 0.01242 0.00145 ( 1)
 669 R   0.98003 0.00610 0.01378 0.00009 ( 1)
 670 L   0.80651 0.17963 0.01134 0.00253 ( 1)
 671 R   0.96260 0.02354 0.01353 0.00033 ( 1)
 672 K   0.96475 0.02138 0.01356 0.00030 ( 1)
 673 R   0.97694 0.00919 0.01374 0.00013 ( 1)
 674 -   0.91142 0.07472 0.01281 0.00105 ( 1)
 675 -   0.91142 0.07472 0.01281 0.00105 ( 1)
 676 -   0.91142 0.07472 0.01281 0.00105 ( 1)
 677 -   0.91142 0.07472 0.01281 0.00105 ( 1)
 678 -   0.91142 0.07472 0.01281 0.00105 ( 1)
 679 -   0.91142 0.07472 0.01281 0.00105 ( 1)
 680 -   0.91142 0.07472 0.01281 0.00105 ( 1)
 681 -   0.91142 0.07472 0.01281 0.00105 ( 1)
 682 -   0.91142 0.07472 0.01281 0.00105 ( 1)
 683 -   0.91142 0.07472 0.01281 0.00105 ( 1)
 684 -   0.91142 0.07472 0.01281 0.00105 ( 1)
 685 -   0.91142 0.07472 0.01281 0.00105 ( 1)
 686 -   0.91142 0.07472 0.01281 0.00105 ( 1)
 687 -   0.91142 0.07472 0.01281 0.00105 ( 1)
 688 -   0.91142 0.07472 0.01281 0.00105 ( 1)
 689 -   0.91142 0.07472 0.01281 0.00105 ( 1)
 690 -   0.91142 0.07472 0.01281 0.00105 ( 1)
 691 -   0.91142 0.07472 0.01281 0.00105 ( 1)
 692 -   0.91142 0.07472 0.01281 0.00105 ( 1)
 693 -   0.91142 0.07472 0.01281 0.00105 ( 1)
 694 -   0.91142 0.07472 0.01281 0.00105 ( 1)
 695 -   0.91142 0.07472 0.01281 0.00105 ( 1)
 696 -   0.91142 0.07472 0.01281 0.00105 ( 1)
 697 -   0.91142 0.07472 0.01281 0.00105 ( 1)
 698 -   0.91142 0.07472 0.01281 0.00105 ( 1)
 699 -   0.91142 0.07472 0.01281 0.00105 ( 1)
 700 -   0.91142 0.07472 0.01281 0.00105 ( 1)
 701 -   0.91142 0.07472 0.01281 0.00105 ( 1)
 702 -   0.91142 0.07472 0.01281 0.00105 ( 1)
 703 -   0.91142 0.07472 0.01281 0.00105 ( 1)
 704 -   0.91142 0.07472 0.01281 0.00105 ( 1)
 705 -   0.91142 0.07472 0.01281 0.00105 ( 1)
 706 -   0.91142 0.07472 0.01281 0.00105 ( 1)
 707 -   0.91142 0.07472 0.01281 0.00105 ( 1)
 708 -   0.91142 0.07472 0.01281 0.00105 ( 1)
 709 -   0.91142 0.07472 0.01281 0.00105 ( 1)
 710 -   0.91142 0.07472 0.01281 0.00105 ( 1)
 711 -   0.91142 0.07472 0.01281 0.00105 ( 1)
 712 -   0.91142 0.07472 0.01281 0.00105 ( 1)
 713 -   0.91142 0.07472 0.01281 0.00105 ( 1)
 714 -   0.91142 0.07472 0.01281 0.00105 ( 1)
 715 -   0.91142 0.07472 0.01281 0.00105 ( 1)
 716 -   0.91142 0.07472 0.01281 0.00105 ( 1)
 717 -   0.91142 0.07472 0.01281 0.00105 ( 1)
 718 -   0.91142 0.07472 0.01281 0.00105 ( 1)
 719 -   0.91142 0.07472 0.01281 0.00105 ( 1)
 720 -   0.91142 0.07472 0.01281 0.00105 ( 1)
 721 -   0.91142 0.07472 0.01281 0.00105 ( 1)
 722 -   0.91142 0.07472 0.01281 0.00105 ( 1)
 723 -   0.91142 0.07472 0.01281 0.00105 ( 1)
 724 -   0.91142 0.07472 0.01281 0.00105 ( 1)
 725 -   0.91142 0.07472 0.01281 0.00105 ( 1)
 726 -   0.91142 0.07472 0.01281 0.00105 ( 1)
 727 -   0.91142 0.07472 0.01281 0.00105 ( 1)
 728 -   0.91142 0.07472 0.01281 0.00105 ( 1)
 729 -   0.91142 0.07472 0.01281 0.00105 ( 1)
 730 -   0.91142 0.07472 0.01281 0.00105 ( 1)
 731 -   0.91142 0.07472 0.01281 0.00105 ( 1)
 732 -   0.91142 0.07472 0.01281 0.00105 ( 1)
 733 -   0.91142 0.07472 0.01281 0.00105 ( 1)
 734 -   0.91142 0.07472 0.01281 0.00105 ( 1)
 735 -   0.91142 0.07472 0.01281 0.00105 ( 1)
 736 -   0.91142 0.07472 0.01281 0.00105 ( 1)
 737 -   0.91142 0.07472 0.01281 0.00105 ( 1)
 738 -   0.91142 0.07472 0.01281 0.00105 ( 1)


lnL = -6124.426149

Bayes Empirical Bayes (BEB) probabilities for 4 classes (class)
(amino acids refer to 1st sequence: COW_R02002_COW)

   1 M   0.97385 0.00293 0.02314 0.00008 ( 1)
   2 G   0.17779 0.02433 0.79234 0.00555 ( 3)
   3 A   0.88284 0.08828 0.02605 0.00282 ( 1)
   4 L   0.82800 0.14112 0.02616 0.00472 ( 1)
   5 G   0.12855 0.84088 0.00371 0.02687 ( 2)
   6 P   0.83799 0.13063 0.02693 0.00445 ( 1)
   7 K   0.89333 0.08146 0.02294 0.00227 ( 1)
   8 L   0.93894 0.02918 0.03088 0.00100 ( 1)
   9 -   0.92051 0.04753 0.03032 0.00163 ( 1)
  10 P   0.94980 0.02109 0.02844 0.00067 ( 1)
  11 -   0.92759 0.04320 0.02783 0.00138 ( 1)
  12 -   0.92492 0.04585 0.02778 0.00145 ( 1)
  13 -   0.86200 0.07664 0.05664 0.00472 ( 1)
  14 -   0.40699 0.53164 0.02730 0.03406 ( 2)
  15 -   0.94743 0.02344 0.02838 0.00075 ( 1)
  16 -   0.95396 0.01421 0.03134 0.00049 ( 1)
  17 -   0.95440 0.01378 0.03135 0.00047 ( 1)
  18 -   0.95440 0.01378 0.03135 0.00047 ( 1)
  19 -   0.95440 0.01378 0.03135 0.00047 ( 1)
  20 -   0.88836 0.06549 0.04305 0.00310 ( 1)
  21 -   0.89412 0.04452 0.05863 0.00273 ( 1)
  22 -   0.23574 0.73781 0.00581 0.02064 ( 2)
  23 L   0.93701 0.01695 0.04525 0.00080 ( 1)
  24 G   0.93316 0.02415 0.04162 0.00106 ( 1)
  25 I   0.30340 0.67046 0.00747 0.01867 ( 2)
  26 G   0.81717 0.13983 0.03674 0.00625 ( 1)
  27 C   0.96094 0.00832 0.03046 0.00027 ( 1)
  28 C   0.13611 0.82902 0.00463 0.03024 ( 2)
  29 A   0.96631 0.00520 0.02833 0.00016 ( 1)
  30 R   0.96091 0.00792 0.03091 0.00027 ( 1)
  31 E   0.30790 0.63669 0.01934 0.03607 ( 2)
  32 V   0.97102 0.00342 0.02546 0.00010 ( 1)
  33 L   0.60660 0.36019 0.02036 0.01284 ( 1)
  34 V   0.96800 0.00458 0.02728 0.00014 ( 1)
  35 P   0.95559 0.00890 0.03518 0.00033 ( 1)
  36 Q   0.01740 0.95425 0.00044 0.02792 ( 2)
  37 G   0.96709 0.00559 0.02715 0.00017 ( 1)
  38 P   0.96045 0.00868 0.03058 0.00029 ( 1)
  39 L   0.94631 0.01349 0.03964 0.00056 ( 1)
  40 Y   0.95434 0.01224 0.03298 0.00043 ( 1)
  41 R   0.94970 0.01409 0.03567 0.00054 ( 1)
  42 V   0.97102 0.00342 0.02546 0.00010 ( 1)
  43 A   0.07325 0.48077 0.33180 0.11417 ( 2)
  44 G   0.94862 0.00873 0.04226 0.00038 ( 1)
  45 T   0.94914 0.00921 0.04125 0.00040 ( 1)
  46 A   0.95075 0.01117 0.03763 0.00045 ( 1)
  47 I   0.88280 0.08940 0.02504 0.00276 ( 1)
  48 S   0.96026 0.00934 0.03010 0.00030 ( 1)
  49 I   0.96770 0.00524 0.02691 0.00015 ( 1)
  50 S   0.83282 0.13630 0.02636 0.00452 ( 1)
  51 C   0.96094 0.00832 0.03046 0.00027 ( 1)
  52 N   0.94502 0.01613 0.03819 0.00065 ( 1)
  53 V   0.97087 0.00357 0.02546 0.00010 ( 1)
  54 S   0.65418 0.30671 0.02649 0.01263 ( 1)
  55 G   0.12464 0.83621 0.00486 0.03428 ( 2)
  56 Y   0.93185 0.02458 0.04247 0.00110 ( 1)
  57 E   0.97382 0.00262 0.02349 0.00007 ( 1)
  58 G   0.96481 0.00610 0.02890 0.00020 ( 1)
  59 S   0.66011 0.29835 0.02852 0.01301 ( 1)
  60 A   0.96631 0.00520 0.02833 0.00016 ( 1)
  61 Q   0.96383 0.00672 0.02924 0.00021 ( 1)
  62 Q   0.96236 0.00818 0.02920 0.00026 ( 1)
  63 D   0.87033 0.10068 0.02585 0.00315 ( 1)
  64 F   0.94995 0.01011 0.03953 0.00042 ( 1)
  65 E   0.97382 0.00262 0.02349 0.00007 ( 1)
  66 W   0.95895 0.00930 0.03144 0.00031 ( 1)
  67 F   0.96224 0.00772 0.02979 0.00025 ( 1)
  68 L   0.81710 0.15054 0.02711 0.00525 ( 1)
  69 Y   0.95461 0.01198 0.03299 0.00042 ( 1)
  70 R   0.96637 0.00660 0.02683 0.00019 ( 1)
  71 P   0.96006 0.00907 0.03057 0.00030 ( 1)
  72 E   0.97382 0.00262 0.02349 0.00007 ( 1)
  73 A   0.96631 0.00520 0.02833 0.00016 ( 1)
  74 P   0.95287 0.01802 0.02853 0.00058 ( 1)
  75 E   0.09146 0.87220 0.00324 0.03310 ( 2)
  76 A   0.17203 0.78730 0.00707 0.03360 ( 2)
  77 A   0.14038 0.81870 0.00575 0.03517 ( 2)
  78 L   0.96115 0.00850 0.03007 0.00028 ( 1)
  79 G   0.83497 0.12754 0.03248 0.00502 ( 1)
  80 I   0.95042 0.01199 0.03712 0.00047 ( 1)
  81 V   0.96800 0.00458 0.02728 0.00014 ( 1)
  82 S   0.95160 0.01126 0.03670 0.00044 ( 1)
  83 T   0.96784 0.00507 0.02694 0.00015 ( 1)
  84 R   0.01739 0.75784 0.06620 0.15858 ( 2)
  85 D   0.95775 0.00919 0.03273 0.00032 ( 1)
  86 P   0.00003 0.80217 0.00013 0.19767 ( 2)
  87 R   0.20356 0.76382 0.00640 0.02622 ( 2)
  88 F   0.96224 0.00772 0.02979 0.00025 ( 1)
  89 S   0.00224 0.00767 0.98096 0.00913 ( 3)
  90 Y   0.93166 0.02477 0.04246 0.00111 ( 1)
  91 A   0.96464 0.00861 0.02649 0.00026 ( 1)
  92 I   0.02429 0.94470 0.00070 0.03031 ( 2)
  93 F   0.95807 0.01187 0.02967 0.00038 ( 1)
  94 G   0.19317 0.77629 0.00563 0.02490 ( 2)
  95 P   0.72735 0.24083 0.02353 0.00830 ( 1)
  96 R   0.92399 0.02785 0.04679 0.00137 ( 1)
  97 V   0.97102 0.00342 0.02546 0.00010 ( 1)
  98 A   0.24380 0.72147 0.00828 0.02645 ( 2)
  99 A   0.80902 0.16349 0.02246 0.00503 ( 1)
 100 G   0.94351 0.01760 0.03818 0.00071 ( 1)
 101 E   0.91092 0.06523 0.02208 0.00176 ( 1)
 102 V   0.32937 0.64188 0.00893 0.01983 ( 2)
 103 Q   0.96383 0.00672 0.02924 0.00021 ( 1)
 104 V   0.97102 0.00342 0.02546 0.00010 ( 1)
 105 Q   0.96383 0.00672 0.02924 0.00021 ( 1)
 106 R   0.95852 0.00968 0.03147 0.00033 ( 1)
 107 L   0.94008 0.01388 0.04539 0.00065 ( 1)
 108 Q   0.77219 0.18533 0.03428 0.00819 ( 1)
 109 G   0.96081 0.01184 0.02698 0.00036 ( 1)
 110 D   0.95807 0.00898 0.03264 0.00031 ( 1)
 111 A   0.26071 0.70287 0.00927 0.02714 ( 2)
 112 A   0.00142 0.95929 0.00005 0.03924 ( 2)
 113 V   0.97088 0.00356 0.02546 0.00010 ( 1)
 114 L   0.83628 0.13286 0.02641 0.00444 ( 1)
 115 R   0.87186 0.10042 0.02469 0.00302 ( 1)
 116 I   0.94736 0.01504 0.03701 0.00059 ( 1)
 117 S   0.84647 0.12529 0.02430 0.00394 ( 1)
 118 R   0.95937 0.00881 0.03152 0.00030 ( 1)
 119 L   0.95949 0.00871 0.03150 0.00030 ( 1)
 120 Q   0.96383 0.00672 0.02924 0.00021 ( 1)
 121 A   0.87661 0.09449 0.02587 0.00303 ( 1)
 122 Q   0.96383 0.00672 0.02924 0.00021 ( 1)
 123 D   0.95939 0.00756 0.03279 0.00027 ( 1)
 124 A   0.71514 0.24601 0.02875 0.01011 ( 1)
 125 G   0.96498 0.00593 0.02890 0.00019 ( 1)
 126 I   0.07564 0.88396 0.00306 0.03733 ( 2)
 127 Y   0.93537 0.02107 0.04262 0.00094 ( 1)
 128 E   0.97319 0.00325 0.02347 0.00009 ( 1)
 129 C   0.96094 0.00832 0.03046 0.00027 ( 1)
 130 Y   0.81253 0.15845 0.02402 0.00500 ( 1)
 131 T   0.96663 0.00628 0.02691 0.00019 ( 1)
 132 P   0.96154 0.00760 0.03061 0.00025 ( 1)
 133 S   0.96166 0.00794 0.03014 0.00026 ( 1)
 134 T   0.94577 0.01601 0.03759 0.00064 ( 1)
 135 D   0.95767 0.00927 0.03273 0.00033 ( 1)
 136 A   0.31449 0.65569 0.00906 0.02076 ( 2)
 137 R   0.75108 0.21631 0.02502 0.00759 ( 1)
 138 Y   0.95523 0.01136 0.03301 0.00040 ( 1)
 139 L   0.95272 0.00898 0.03794 0.00036 ( 1)
 140 G   0.96498 0.00593 0.02890 0.00019 ( 1)
 141 S   0.87494 0.09775 0.02440 0.00291 ( 1)
 142 Y   0.95535 0.01124 0.03302 0.00040 ( 1)
 143 S   0.96675 0.00629 0.02678 0.00018 ( 1)
 144 G   0.22625 0.73946 0.00705 0.02724 ( 2)
 145 K   0.96612 0.00652 0.02716 0.00019 ( 1)
 146 V   0.97102 0.00342 0.02546 0.00010 ( 1)
 147 E   0.97319 0.00325 0.02347 0.00009 ( 1)
 148 L   0.95949 0.00871 0.03150 0.00030 ( 1)
 149 R   0.93297 0.02467 0.04128 0.00108 ( 1)
 150 V   0.94749 0.01516 0.03676 0.00059 ( 1)
 151 L   0.93901 0.02056 0.03957 0.00086 ( 1)
 152 P   0.92948 0.02671 0.04261 0.00120 ( 1)
 153 D   0.95775 0.00919 0.03273 0.00032 ( 1)
 154 T   0.00094 0.96697 0.00003 0.03206 ( 2)
 155 L   0.94270 0.01127 0.04550 0.00053 ( 1)
 156 Q   0.96383 0.00672 0.02924 0.00021 ( 1)
 157 V   0.96997 0.00440 0.02550 0.00013 ( 1)
 158 S   0.93654 0.02236 0.04015 0.00095 ( 1)
 159 A   0.94589 0.01602 0.03745 0.00064 ( 1)
 160 S   0.25586 0.70876 0.00887 0.02652 ( 2)
 161 P   0.95592 0.00890 0.03485 0.00033 ( 1)
 162 P   0.14115 0.07113 0.76834 0.01939 ( 3)
 163 G   0.95128 0.00608 0.04237 0.00027 ( 1)
 164 P   0.96154 0.00760 0.03061 0.00025 ( 1)
 165 R   0.91530 0.03652 0.04638 0.00179 ( 1)
 166 G   0.96518 0.00573 0.02891 0.00018 ( 1)
 167 R   0.95950 0.00870 0.03150 0.00030 ( 1)
 168 Q   0.96383 0.00672 0.02924 0.00021 ( 1)
 169 A   0.96559 0.00592 0.02831 0.00019 ( 1)
 170 P   0.74897 0.20676 0.03474 0.00952 ( 1)
 171 T   0.96700 0.00591 0.02691 0.00017 ( 1)
 172 S   0.93242 0.02210 0.04446 0.00103 ( 1)
 173 P   0.96154 0.00760 0.03061 0.00025 ( 1)
 174 P   0.61772 0.33768 0.02885 0.01575 ( 1)
 175 R   0.95950 0.00870 0.03150 0.00030 ( 1)
 176 L   0.22828 0.73673 0.00780 0.02718 ( 2)
 177 T   0.09653 0.53855 0.27743 0.08748 ( 2)
 178 V   0.97102 0.00342 0.02546 0.00010 ( 1)
 179 H   0.16750 0.03072 0.79443 0.00735 ( 3)
 180 E   0.97382 0.00262 0.02349 0.00007 ( 1)
 181 G   0.96718 0.00550 0.02715 0.00017 ( 1)
 182 Q   0.96383 0.00672 0.02924 0.00021 ( 1)
 183 E   0.97382 0.00262 0.02349 0.00007 ( 1)
 184 L   0.95845 0.00974 0.03147 0.00033 ( 1)
 185 A   0.74585 0.21232 0.03253 0.00930 ( 1)
 186 L   0.95949 0.00871 0.03150 0.00030 ( 1)
 187 G   0.96423 0.00667 0.02888 0.00021 ( 1)
 188 C   0.96094 0.00832 0.03046 0.00027 ( 1)
 189 L   0.94330 0.01066 0.04553 0.00050 ( 1)
 190 A   0.96872 0.00455 0.02659 0.00014 ( 1)
 191 R   0.73414 0.23789 0.02073 0.00724 ( 1)
 192 T   0.95002 0.00833 0.04129 0.00036 ( 1)
 193 S   0.01542 0.79034 0.05019 0.14405 ( 2)
 194 T   0.94150 0.01683 0.04095 0.00072 ( 1)
 195 Q   0.83775 0.13230 0.02566 0.00429 ( 1)
 196 K   0.23205 0.73758 0.00676 0.02360 ( 2)
 197 H   0.96570 0.00590 0.02822 0.00018 ( 1)
 198 T   0.93883 0.01949 0.04084 0.00084 ( 1)
 199 H   0.96570 0.00590 0.02822 0.00018 ( 1)
 200 L   0.95949 0.00871 0.03150 0.00030 ( 1)
 201 A   0.74796 0.21022 0.03262 0.00921 ( 1)
 202 V   0.97087 0.00351 0.02552 0.00010 ( 1)
 203 S   0.96166 0.00794 0.03014 0.00026 ( 1)
 204 F   0.94110 0.01893 0.03919 0.00078 ( 1)
 205 G   0.96814 0.00454 0.02717 0.00014 ( 1)
 206 R   0.91424 0.03758 0.04633 0.00184 ( 1)
 207 A   0.78814 0.17036 0.03413 0.00736 ( 1)
 208 V   0.85480 0.11909 0.02261 0.00350 ( 1)
 209 P   0.95454 0.01033 0.03475 0.00038 ( 1)
 210 E   0.97382 0.00262 0.02349 0.00007 ( 1)
 211 A   0.86748 0.10645 0.02293 0.00314 ( 1)
 212 P   0.93478 0.02142 0.04283 0.00096 ( 1)
 213 V   0.95700 0.00568 0.03710 0.00022 ( 1)
 214 G   0.96814 0.00454 0.02717 0.00014 ( 1)
 215 R   0.91619 0.03564 0.04643 0.00175 ( 1)
 216 A   0.80661 0.15174 0.03505 0.00660 ( 1)
 217 T   0.94426 0.01751 0.03753 0.00070 ( 1)
 218 L   0.95771 0.01048 0.03145 0.00036 ( 1)
 219 Q   0.96383 0.00672 0.02924 0.00021 ( 1)
 220 E   0.94927 0.01441 0.03576 0.00055 ( 1)
 221 V   0.97015 0.00429 0.02544 0.00012 ( 1)
 222 V   0.97102 0.00342 0.02546 0.00010 ( 1)
 223 G   0.94256 0.01477 0.04201 0.00065 ( 1)
 224 L   0.83622 0.13620 0.02349 0.00409 ( 1)
 225 R   0.75067 0.21730 0.02450 0.00753 ( 1)
 226 P   0.17145 0.78132 0.00844 0.03879 ( 2)
 227 D   0.97181 0.00365 0.02444 0.00010 ( 1)
 228 L   0.70632 0.25281 0.03006 0.01082 ( 1)
 229 A   0.96167 0.00590 0.03223 0.00021 ( 1)
 230 V   0.97102 0.00342 0.02546 0.00010 ( 1)
 231 D   0.92464 0.05158 0.02239 0.00139 ( 1)
 232 A   0.95739 0.01282 0.02937 0.00042 ( 1)
 233 G   0.93316 0.02415 0.04162 0.00106 ( 1)
 234 A   0.95125 0.01068 0.03765 0.00043 ( 1)
 235 P   0.96154 0.00760 0.03061 0.00025 ( 1)
 236 Y   0.93242 0.02402 0.04249 0.00107 ( 1)
 237 A   0.94789 0.01403 0.03752 0.00056 ( 1)
 238 A   0.87565 0.10034 0.02128 0.00273 ( 1)
 239 R   0.92499 0.02685 0.04684 0.00132 ( 1)
 240 L   0.95752 0.01067 0.03144 0.00036 ( 1)
 241 A   0.71852 0.24264 0.02888 0.00996 ( 1)
 242 A   0.74536 0.21281 0.03251 0.00932 ( 1)
 243 G   0.96814 0.00454 0.02717 0.00014 ( 1)
 244 E   0.97382 0.00262 0.02349 0.00007 ( 1)
 245 L   0.94060 0.01897 0.03963 0.00080 ( 1)
 246 R   0.93925 0.01516 0.04488 0.00071 ( 1)
 247 L   0.95949 0.00871 0.03150 0.00030 ( 1)
 248 G   0.22122 0.73752 0.00925 0.03201 ( 2)
 249 K   0.96714 0.00551 0.02718 0.00016 ( 1)
 250 E   0.95460 0.00910 0.03595 0.00035 ( 1)
 251 G   0.96800 0.00468 0.02717 0.00014 ( 1)
 252 P   0.13370 0.82651 0.00534 0.03445 ( 2)
 253 E   0.83170 0.13479 0.02869 0.00481 ( 1)
 254 R   0.96080 0.00803 0.03090 0.00027 ( 1)
 255 Y   0.95535 0.01124 0.03302 0.00040 ( 1)
 256 R   0.95776 0.01043 0.03145 0.00036 ( 1)
 257 M   0.97385 0.00293 0.02314 0.00008 ( 1)
 258 V   0.95250 0.00693 0.04027 0.00029 ( 1)
 259 L   0.79516 0.16379 0.03402 0.00703 ( 1)
 260 G   0.95099 0.00637 0.04236 0.00028 ( 1)
 261 G   0.94351 0.01760 0.03818 0.00071 ( 1)
 262 A   0.96629 0.00521 0.02833 0.00016 ( 1)
 263 Q   0.96383 0.00672 0.02924 0.00021 ( 1)
 264 A   0.94334 0.01540 0.04060 0.00066 ( 1)
 265 D   0.74752 0.22414 0.02131 0.00703 ( 1)
 266 D   0.97177 0.00368 0.02444 0.00010 ( 1)
 267 A   0.12747 0.82882 0.00567 0.03804 ( 2)
 268 G   0.96487 0.00604 0.02890 0.00019 ( 1)
 269 T   0.96776 0.00515 0.02693 0.00015 ( 1)
 270 Y   0.95535 0.01124 0.03302 0.00040 ( 1)
 271 H   0.96570 0.00590 0.02822 0.00018 ( 1)
 272 C   0.95954 0.00972 0.03042 0.00032 ( 1)
 273 T   0.94899 0.01279 0.03771 0.00051 ( 1)
 274 A   0.96631 0.00520 0.02833 0.00016 ( 1)
 275 T   0.78661 0.17478 0.03149 0.00712 ( 1)
 276 E   0.97382 0.00262 0.02349 0.00007 ( 1)
 277 W   0.95895 0.00930 0.03144 0.00031 ( 1)
 278 I   0.94567 0.01672 0.03695 0.00066 ( 1)
 279 Q   0.96383 0.00672 0.02924 0.00021 ( 1)
 280 D   0.95663 0.01031 0.03270 0.00036 ( 1)
 281 P   0.94040 0.01888 0.03992 0.00080 ( 1)
 282 D   0.95804 0.00891 0.03274 0.00031 ( 1)
 283 G   0.96420 0.00671 0.02888 0.00021 ( 1)
 284 S   0.19185 0.77797 0.00551 0.02467 ( 2)
 285 W   0.95895 0.00930 0.03144 0.00031 ( 1)
 286 A   0.88466 0.08648 0.02610 0.00277 ( 1)
 287 Q   0.96383 0.00672 0.02924 0.00021 ( 1)
 288 I   0.83991 0.12217 0.03307 0.00485 ( 1)
 289 A   0.94091 0.01782 0.04051 0.00076 ( 1)
 290 E   0.97382 0.00262 0.02349 0.00007 ( 1)
 291 K   0.94901 0.00861 0.04201 0.00037 ( 1)
 292 R   0.96785 0.00512 0.02687 0.00015 ( 1)
 293 A   0.72308 0.23801 0.02917 0.00973 ( 1)
 294 V   0.96807 0.00451 0.02728 0.00014 ( 1)
 295 L   0.95949 0.00871 0.03150 0.00030 ( 1)
 296 A   0.96558 0.00592 0.02831 0.00019 ( 1)
 297 H   0.96285 0.00874 0.02814 0.00027 ( 1)
 298 V   0.97038 0.00406 0.02544 0.00012 ( 1)
 299 D   0.96973 0.00571 0.02439 0.00016 ( 1)
 300 V   0.97048 0.00396 0.02545 0.00011 ( 1)
 301 Q   0.96383 0.00672 0.02924 0.00021 ( 1)
 302 T   0.96746 0.00724 0.02510 0.00021 ( 1)
 303 L   0.95949 0.00871 0.03150 0.00030 ( 1)
 304 S   0.96166 0.00794 0.03014 0.00026 ( 1)
 305 S   0.96792 0.00513 0.02680 0.00015 ( 1)
 306 Q   0.96383 0.00672 0.02924 0.00021 ( 1)
 307 L   0.95949 0.00871 0.03150 0.00030 ( 1)
 308 A   0.94200 0.01674 0.04055 0.00072 ( 1)
 309 V   0.97090 0.00354 0.02546 0.00010 ( 1)
 310 T   0.94242 0.01592 0.04098 0.00068 ( 1)
 311 V   0.97102 0.00342 0.02546 0.00010 ( 1)
 312 G   0.96699 0.00569 0.02715 0.00017 ( 1)
 313 P   0.93838 0.02090 0.03984 0.00088 ( 1)
 314 G   0.95813 0.01274 0.02872 0.00041 ( 1)
 315 E   0.95153 0.01217 0.03584 0.00046 ( 1)
 316 R   0.65066 0.30690 0.02878 0.01365 ( 1)
 317 R   0.96080 0.00803 0.03090 0.00027 ( 1)
 318 V   0.85079 0.11541 0.02963 0.00417 ( 1)
 319 G   0.96498 0.00593 0.02890 0.00019 ( 1)
 320 P   0.93260 0.02359 0.04274 0.00106 ( 1)
 321 G   0.96801 0.00468 0.02717 0.00014 ( 1)
 322 E   0.97310 0.00333 0.02347 0.00009 ( 1)
 323 P   0.96169 0.00745 0.03061 0.00025 ( 1)
 324 L   0.93616 0.02361 0.03924 0.00098 ( 1)
 325 E   0.95153 0.01217 0.03584 0.00046 ( 1)
 326 L   0.95949 0.00871 0.03150 0.00030 ( 1)
 327 L   0.95949 0.00871 0.03150 0.00030 ( 1)
 328 C   0.96094 0.00832 0.03046 0.00027 ( 1)
 329 N   0.94417 0.01698 0.03816 0.00068 ( 1)
 330 V   0.97102 0.00342 0.02546 0.00010 ( 1)
 331 S   0.93242 0.02210 0.04446 0.00103 ( 1)
 332 G   0.96698 0.00570 0.02714 0.00017 ( 1)
 333 A   0.94531 0.01343 0.04068 0.00057 ( 1)
 334 L   0.96007 0.00957 0.03004 0.00031 ( 1)
 335 P   0.96154 0.00760 0.03061 0.00025 ( 1)
 336 P   0.94529 0.01946 0.03452 0.00073 ( 1)
 337 P   0.72728 0.23084 0.03175 0.01013 ( 1)
 338 G   0.96498 0.00593 0.02890 0.00019 ( 1)
 339 R   0.93780 0.02056 0.04075 0.00088 ( 1)
 340 H   0.94669 0.01601 0.03668 0.00062 ( 1)
 341 A   0.94789 0.01403 0.03752 0.00056 ( 1)
 342 A   0.95160 0.00757 0.04051 0.00032 ( 1)
 343 Y   0.95535 0.01124 0.03302 0.00040 ( 1)
 344 S   0.93866 0.02025 0.04023 0.00086 ( 1)
 345 V   0.96983 0.00460 0.02543 0.00013 ( 1)
 346 G   0.95204 0.00909 0.03850 0.00037 ( 1)
 347 W   0.95895 0.00930 0.03144 0.00031 ( 1)
 348 E   0.97382 0.00262 0.02349 0.00007 ( 1)
 349 M   0.97385 0.00293 0.02314 0.00008 ( 1)
 350 A   0.94160 0.01713 0.04053 0.00073 ( 1)
 351 P   0.94057 0.01871 0.03993 0.00079 ( 1)
 352 A   0.96582 0.00737 0.02659 0.00022 ( 1)
 353 G   0.96814 0.00454 0.02717 0.00014 ( 1)
 354 A   0.94273 0.01601 0.04058 0.00068 ( 1)
 355 P   0.94682 0.01778 0.03474 0.00067 ( 1)
 356 G   0.96709 0.00559 0.02715 0.00017 ( 1)
 357 P   0.94465 0.01465 0.04009 0.00062 ( 1)
 358 G   0.96498 0.00593 0.02890 0.00019 ( 1)
 359 R   0.95950 0.00870 0.03150 0.00030 ( 1)
 360 L   0.95838 0.00981 0.03147 0.00034 ( 1)
 361 V   0.95230 0.00710 0.04030 0.00030 ( 1)
 362 A   0.96631 0.00520 0.02833 0.00016 ( 1)
 363 Q   0.96383 0.00672 0.02924 0.00021 ( 1)
 364 L   0.94127 0.01381 0.04429 0.00064 ( 1)
 365 D   0.97228 0.00318 0.02445 0.00009 ( 1)
 366 T   0.95171 0.00665 0.04136 0.00029 ( 1)
 367 E   0.97113 0.00530 0.02343 0.00014 ( 1)
 368 G   0.94353 0.01757 0.03818 0.00071 ( 1)
 369 V   0.83432 0.13947 0.02210 0.00411 ( 1)
 370 G   0.96498 0.00593 0.02890 0.00019 ( 1)
 371 S   0.96792 0.00513 0.02680 0.00015 ( 1)
 372 L   0.95949 0.00871 0.03150 0.00030 ( 1)
 373 G   0.96498 0.00593 0.02890 0.00019 ( 1)
 374 P   0.94040 0.01888 0.03992 0.00080 ( 1)
 375 G   0.96498 0.00593 0.02890 0.00019 ( 1)
 376 Y   0.93147 0.02496 0.04245 0.00112 ( 1)
 377 E   0.97382 0.00262 0.02349 0.00007 ( 1)
 378 G   0.87600 0.09452 0.02642 0.00306 ( 1)
 379 R   0.93807 0.01379 0.04746 0.00068 ( 1)
 380 H   0.96570 0.00590 0.02822 0.00018 ( 1)
 381 I   0.95872 0.01418 0.02668 0.00042 ( 1)
 382 A   0.96631 0.00520 0.02833 0.00016 ( 1)
 383 M   0.97385 0.00293 0.02314 0.00008 ( 1)
 384 E   0.97319 0.00325 0.02347 0.00009 ( 1)
 385 K   0.96563 0.00702 0.02715 0.00021 ( 1)
 386 V   0.97015 0.00429 0.02544 0.00012 ( 1)
 387 A   0.94064 0.01809 0.04050 0.00077 ( 1)
 388 S   0.96166 0.00794 0.03014 0.00026 ( 1)
 389 R   0.90966 0.04792 0.04032 0.00210 ( 1)
 390 T   0.95048 0.00787 0.04131 0.00034 ( 1)
 391 Y   0.95535 0.01124 0.03302 0.00040 ( 1)
 392 R   0.95906 0.00976 0.03085 0.00033 ( 1)
 393 L   0.92830 0.02563 0.04486 0.00121 ( 1)
 394 R   0.95946 0.00936 0.03086 0.00032 ( 1)
 395 L   0.94350 0.01352 0.04238 0.00060 ( 1)
 396 E   0.97382 0.00262 0.02349 0.00007 ( 1)
 397 A   0.94803 0.01388 0.03753 0.00055 ( 1)
 398 A   0.96631 0.00520 0.02833 0.00016 ( 1)
 399 R   0.96403 0.00893 0.02677 0.00026 ( 1)
 400 P   0.94125 0.01803 0.03996 0.00076 ( 1)
 401 A   0.46511 0.49445 0.01932 0.02112 ( 2)
 402 D   0.95767 0.00927 0.03273 0.00033 ( 1)
 403 A   0.96611 0.00715 0.02652 0.00022 ( 1)
 404 G   0.96498 0.00593 0.02890 0.00019 ( 1)
 405 T   0.96190 0.00530 0.03261 0.00019 ( 1)
 406 Y   0.95535 0.01124 0.03302 0.00040 ( 1)
 407 R   0.95950 0.00870 0.03150 0.00030 ( 1)
 408 C   0.96094 0.00832 0.03046 0.00027 ( 1)
 409 L   0.96125 0.00839 0.03008 0.00028 ( 1)
 410 A   0.96631 0.00520 0.02833 0.00016 ( 1)
 411 K   0.93563 0.02195 0.04146 0.00096 ( 1)
 412 A   0.96631 0.00520 0.02833 0.00016 ( 1)
 413 Y   0.93160 0.02483 0.04246 0.00111 ( 1)
 414 V   0.95161 0.01105 0.03690 0.00043 ( 1)
 415 R   0.92719 0.03148 0.03998 0.00135 ( 1)
 416 G   0.96814 0.00454 0.02717 0.00014 ( 1)
 417 S   0.93877 0.02014 0.04024 0.00085 ( 1)
 418 G   0.96814 0.00454 0.02717 0.00014 ( 1)
 419 A   0.86786 0.10466 0.02435 0.00314 ( 1)
 420 R   0.96091 0.00792 0.03091 0.00027 ( 1)
 421 L   0.93901 0.02056 0.03957 0.00086 ( 1)
 422 R   0.93230 0.02605 0.04053 0.00112 ( 1)
 423 E   0.94927 0.01441 0.03576 0.00055 ( 1)
 424 A   0.94494 0.01380 0.04067 0.00059 ( 1)
 425 A   0.96631 0.00520 0.02833 0.00016 ( 1)
 426 S   0.94678 0.01606 0.03653 0.00062 ( 1)
 427 A   0.95833 0.00782 0.03357 0.00028 ( 1)
 428 R   0.94148 0.01689 0.04090 0.00073 ( 1)
 429 S   0.96058 0.00901 0.03011 0.00029 ( 1)
 430 R   0.96091 0.00792 0.03091 0.00027 ( 1)
 431 P   0.94057 0.01871 0.03993 0.00079 ( 1)
 432 L   0.96239 0.00726 0.03011 0.00024 ( 1)
 433 P   0.94057 0.01871 0.03993 0.00079 ( 1)
 434 V   0.97087 0.00357 0.02546 0.00010 ( 1)
 435 H   0.96280 0.00879 0.02814 0.00027 ( 1)
 436 V   0.97087 0.00357 0.02546 0.00010 ( 1)
 437 R   0.95289 0.01590 0.03067 0.00054 ( 1)
 438 E   0.97125 0.00518 0.02343 0.00014 ( 1)
 439 E   0.94927 0.01441 0.03576 0.00055 ( 1)
 440 G   0.94640 0.01472 0.03829 0.00060 ( 1)
 441 V   0.97102 0.00342 0.02546 0.00010 ( 1)
 442 V   0.97102 0.00342 0.02546 0.00010 ( 1)
 443 L   0.95758 0.01061 0.03145 0.00036 ( 1)
 444 E   0.97382 0.00262 0.02349 0.00007 ( 1)
 445 A   0.94789 0.01403 0.03752 0.00056 ( 1)
 446 V   0.97102 0.00342 0.02546 0.00010 ( 1)
 447 A   0.96661 0.00665 0.02654 0.00020 ( 1)
 448 W   0.95895 0.00930 0.03144 0.00031 ( 1)
 449 L   0.92581 0.02812 0.04475 0.00132 ( 1)
 450 -   0.86200 0.07664 0.05664 0.00472 ( 1)
 451 -   0.86200 0.07664 0.05664 0.00472 ( 1)
 452 -   0.86200 0.07664 0.05664 0.00472 ( 1)
 453 -   0.86200 0.07664 0.05664 0.00472 ( 1)
 454 -   0.86200 0.07664 0.05664 0.00472 ( 1)
 455 -   0.86200 0.07664 0.05664 0.00472 ( 1)
 456 -   0.86200 0.07664 0.05664 0.00472 ( 1)
 457 -   0.86200 0.07664 0.05664 0.00472 ( 1)
 458 -   0.86200 0.07664 0.05664 0.00472 ( 1)
 459 -   0.86200 0.07664 0.05664 0.00472 ( 1)
 460 -   0.86200 0.07664 0.05664 0.00472 ( 1)
 461 -   0.86200 0.07664 0.05664 0.00472 ( 1)
 462 -   0.86200 0.07664 0.05664 0.00472 ( 1)
 463 -   0.86200 0.07664 0.05664 0.00472 ( 1)
 464 -   0.86200 0.07664 0.05664 0.00472 ( 1)
 465 -   0.86200 0.07664 0.05664 0.00472 ( 1)
 466 -   0.86200 0.07664 0.05664 0.00472 ( 1)
 467 -   0.86200 0.07664 0.05664 0.00472 ( 1)
 468 -   0.86200 0.07664 0.05664 0.00472 ( 1)
 469 -   0.86200 0.07664 0.05664 0.00472 ( 1)
 470 -   0.86200 0.07664 0.05664 0.00472 ( 1)
 471 -   0.86200 0.07664 0.05664 0.00472 ( 1)
 472 -   0.86200 0.07664 0.05664 0.00472 ( 1)
 473 -   0.86200 0.07664 0.05664 0.00472 ( 1)
 474 -   0.86200 0.07664 0.05664 0.00472 ( 1)
 475 -   0.86200 0.07664 0.05664 0.00472 ( 1)
 476 -   0.86200 0.07664 0.05664 0.00472 ( 1)
 477 -   0.86200 0.07664 0.05664 0.00472 ( 1)
 478 -   0.86200 0.07664 0.05664 0.00472 ( 1)
 479 -   0.86200 0.07664 0.05664 0.00472 ( 1)
 480 A   0.92018 0.01846 0.06023 0.00113 ( 1)
 481 G   0.92294 0.01570 0.06040 0.00096 ( 1)
 482 G   0.93198 0.00666 0.06096 0.00041 ( 1)
 483 A   0.67138 0.26726 0.04459 0.01678 ( 1)
 484 V   0.93468 0.00396 0.06112 0.00024 ( 1)
 485 Y   0.92652 0.01211 0.06062 0.00074 ( 1)
 486 R   0.92975 0.00889 0.06082 0.00054 ( 1)
 487 G   0.93226 0.00638 0.06097 0.00039 ( 1)
 488 E   0.93474 0.00389 0.06113 0.00024 ( 1)
 489 T   0.92532 0.01331 0.06055 0.00081 ( 1)
 490 A   0.93194 0.00670 0.06095 0.00041 ( 1)
 491 S   0.92994 0.00870 0.06083 0.00053 ( 1)
 492 L   0.92908 0.00956 0.06078 0.00058 ( 1)
 493 L   0.92581 0.01283 0.06058 0.00078 ( 1)
 494 C   0.92954 0.00910 0.06081 0.00056 ( 1)
 495 N   0.93139 0.00724 0.06092 0.00044 ( 1)
 496 I   0.93118 0.00745 0.06091 0.00046 ( 1)
 497 S   0.92123 0.01741 0.06030 0.00106 ( 1)
 498 V   0.93468 0.00396 0.06112 0.00024 ( 1)
 499 R   0.92902 0.00962 0.06078 0.00059 ( 1)
 500 G   0.92900 0.00964 0.06077 0.00059 ( 1)
 501 G   0.93084 0.00780 0.06089 0.00048 ( 1)
 502 P   0.93024 0.00840 0.06085 0.00051 ( 1)
 503 P   0.91214 0.02650 0.05974 0.00162 ( 1)
 504 G   0.92926 0.00937 0.06079 0.00057 ( 1)
 505 L   0.92890 0.00974 0.06077 0.00060 ( 1)
 506 R   0.92787 0.01077 0.06071 0.00066 ( 1)
 507 L   0.92714 0.01149 0.06066 0.00070 ( 1)
 508 A   0.92747 0.01117 0.06068 0.00068 ( 1)
 509 A   0.93274 0.00589 0.06100 0.00036 ( 1)
 510 S   0.93289 0.00574 0.06101 0.00035 ( 1)
 511 W   0.92852 0.01011 0.06075 0.00062 ( 1)
 512 W   0.92852 0.01011 0.06075 0.00062 ( 1)
 513 V   0.93468 0.00396 0.06112 0.00024 ( 1)
 514 E   0.93558 0.00306 0.06118 0.00019 ( 1)
 515 R   0.91202 0.02661 0.05973 0.00163 ( 1)
 516 P   0.61984 0.31880 0.04126 0.02010 ( 1)
 517 E   0.93558 0.00306 0.06118 0.00019 ( 1)
 518 E   0.87483 0.06381 0.05744 0.00392 ( 1)
 519 G   0.92810 0.01054 0.06072 0.00064 ( 1)
 520 E   0.86173 0.07691 0.05663 0.00474 ( 1)
 521 L   0.92939 0.00924 0.06080 0.00056 ( 1)
 522 S   0.93289 0.00574 0.06101 0.00035 ( 1)
 523 S   0.59385 0.34478 0.03957 0.02179 ( 1)
 524 A   0.14801 0.79063 0.00998 0.05138 ( 2)
 525 P   0.91667 0.02196 0.06002 0.00134 ( 1)
 526 A   0.96146 0.00610 0.03222 0.00021 ( 1)
 527 Q   0.96271 0.00783 0.02921 0.00025 ( 1)
 528 L   0.95863 0.00970 0.03134 0.00033 ( 1)
 529 V   0.93468 0.00396 0.06112 0.00024 ( 1)
 530 -   0.86200 0.07664 0.05664 0.00472 ( 1)
 531 -   0.86200 0.07664 0.05664 0.00472 ( 1)
 532 -   0.86200 0.07664 0.05664 0.00472 ( 1)
 533 -   0.86200 0.07664 0.05664 0.00472 ( 1)
 534 -   0.86200 0.07664 0.05664 0.00472 ( 1)
 535 G   0.92219 0.01644 0.06036 0.00101 ( 1)
 536 G   0.93068 0.00795 0.06088 0.00049 ( 1)
 537 V   0.97087 0.00357 0.02546 0.00010 ( 1)
 538 G   0.96415 0.00675 0.02888 0.00022 ( 1)
 539 Q   0.96383 0.00672 0.02924 0.00021 ( 1)
 540 D   0.93322 0.00542 0.06103 0.00033 ( 1)
 541 G   0.91999 0.01865 0.06022 0.00114 ( 1)
 542 V   0.93468 0.00396 0.06112 0.00024 ( 1)
 543 A   0.91627 0.02236 0.06000 0.00137 ( 1)
 544 E   0.93558 0.00306 0.06118 0.00019 ( 1)
 545 L   0.92908 0.00956 0.06078 0.00058 ( 1)
 546 G   0.92320 0.01544 0.06042 0.00094 ( 1)
 547 V   0.83194 0.10670 0.05477 0.00659 ( 1)
 548 R   0.92990 0.00874 0.06083 0.00053 ( 1)
 549 P   0.91802 0.02061 0.06010 0.00126 ( 1)
 550 G   0.91342 0.02522 0.05982 0.00154 ( 1)
 551 G   0.91880 0.01984 0.06015 0.00121 ( 1)
 552 G   0.92899 0.00965 0.06077 0.00059 ( 1)
 553 P   0.92259 0.01605 0.06038 0.00098 ( 1)
 554 V   0.83461 0.10402 0.05494 0.00642 ( 1)
 555 S   0.93161 0.00703 0.06093 0.00043 ( 1)
 556 V   0.92887 0.00976 0.06077 0.00060 ( 1)
 557 E   0.93558 0.00306 0.06118 0.00019 ( 1)
 558 L   0.19652 0.04220 0.75287 0.00842 ( 3)
 559 V   0.97087 0.00351 0.02552 0.00010 ( 1)
 560 -   0.86200 0.07664 0.05664 0.00472 ( 1)
 561 -   0.86200 0.07664 0.05664 0.00472 ( 1)
 562 -   0.86200 0.07664 0.05664 0.00472 ( 1)
 563 G   0.96058 0.00560 0.03360 0.00021 ( 1)
 564 P   0.95564 0.00783 0.03623 0.00030 ( 1)
 565 R   0.92287 0.03638 0.03920 0.00156 ( 1)
 566 S   0.93171 0.00693 0.06094 0.00042 ( 1)
 567 H   0.92164 0.01700 0.06032 0.00104 ( 1)
 568 R   0.92990 0.00874 0.06083 0.00053 ( 1)
 569 L   0.92714 0.01149 0.06066 0.00070 ( 1)
 570 R   0.91611 0.02252 0.05999 0.00138 ( 1)
 571 L   0.92485 0.01379 0.06052 0.00084 ( 1)
 572 H   0.93206 0.00657 0.06096 0.00040 ( 1)
 573 G   0.48794 0.45069 0.03265 0.02872 ( 1)
 574 L   0.91676 0.02188 0.06003 0.00134 ( 1)
 575 G   0.82288 0.11576 0.05421 0.00716 ( 1)
 576 P   0.92533 0.01331 0.06055 0.00081 ( 1)
 577 E   0.93558 0.00306 0.06118 0.00019 ( 1)
 578 D   0.93065 0.00799 0.06088 0.00049 ( 1)
 579 E   0.92326 0.01537 0.06042 0.00094 ( 1)
 580 G   0.92959 0.00904 0.06081 0.00055 ( 1)
 581 V   0.78177 0.15686 0.05162 0.00974 ( 1)
 582 Y   0.92652 0.01211 0.06062 0.00074 ( 1)
 583 H   0.93206 0.00657 0.06096 0.00040 ( 1)
 584 C   0.92215 0.01648 0.06036 0.00101 ( 1)
 585 A   0.93274 0.00589 0.06100 0.00036 ( 1)
 586 P   0.92890 0.00974 0.06077 0.00059 ( 1)
 587 S   0.92917 0.00946 0.06079 0.00058 ( 1)
 588 A   0.93274 0.00589 0.06100 0.00036 ( 1)
 589 W   0.92852 0.01011 0.06075 0.00062 ( 1)
 590 V   0.93468 0.00396 0.06112 0.00024 ( 1)
 591 Q   0.78818 0.15045 0.05203 0.00934 ( 1)
 592 H   0.92323 0.01541 0.06042 0.00094 ( 1)
 593 A   0.92725 0.01138 0.06067 0.00070 ( 1)
 594 D   0.93442 0.00421 0.06111 0.00026 ( 1)
 595 Y   0.74658 0.19206 0.04939 0.01197 ( 1)
 596 S   0.93289 0.00574 0.06101 0.00035 ( 1)
 597 W   0.92852 0.01011 0.06075 0.00062 ( 1)
 598 Y   0.92652 0.01211 0.06062 0.00074 ( 1)
 599 Q   0.93011 0.00853 0.06084 0.00052 ( 1)
 600 A   0.93039 0.00824 0.06086 0.00050 ( 1)
 601 G   0.93198 0.00666 0.06096 0.00041 ( 1)
 602 S   0.92160 0.01704 0.06032 0.00104 ( 1)
 603 A   0.93295 0.00568 0.06102 0.00035 ( 1)
 604 R   0.92910 0.00954 0.06078 0.00058 ( 1)
 605 -   0.86200 0.07664 0.05664 0.00472 ( 1)
 606 -   0.86200 0.07664 0.05664 0.00472 ( 1)
 607 -   0.86200 0.07664 0.05664 0.00472 ( 1)
 608 -   0.86200 0.07664 0.05664 0.00472 ( 1)
 609 -   0.86200 0.07664 0.05664 0.00472 ( 1)
 610 -   0.86200 0.07664 0.05664 0.00472 ( 1)
 611 -   0.86200 0.07664 0.05664 0.00472 ( 1)
 612 -   0.86200 0.07664 0.05664 0.00472 ( 1)
 613 -   0.86200 0.07664 0.05664 0.00472 ( 1)
 614 -   0.86200 0.07664 0.05664 0.00472 ( 1)
 615 -   0.86200 0.07664 0.05664 0.00472 ( 1)
 616 -   0.86200 0.07664 0.05664 0.00472 ( 1)
 617 -   0.86200 0.07664 0.05664 0.00472 ( 1)
 618 -   0.86200 0.07664 0.05664 0.00472 ( 1)
 619 -   0.86200 0.07664 0.05664 0.00472 ( 1)
 620 -   0.86200 0.07664 0.05664 0.00472 ( 1)
 621 -   0.86200 0.07664 0.05664 0.00472 ( 1)
 622 -   0.86200 0.07664 0.05664 0.00472 ( 1)
 623 -   0.86200 0.07664 0.05664 0.00472 ( 1)
 624 S   0.93101 0.02538 0.04247 0.00114 ( 1)
 625 G   0.95887 0.00481 0.03613 0.00019 ( 1)
 626 P   0.91667 0.02196 0.06002 0.00134 ( 1)
 627 V   0.93238 0.00625 0.06098 0.00038 ( 1)
 628 T   0.91424 0.02440 0.05987 0.00149 ( 1)
 629 V   0.93268 0.00596 0.06100 0.00036 ( 1)
 630 Y   0.92652 0.01211 0.06062 0.00074 ( 1)
 631 P   0.92920 0.00944 0.06079 0.00058 ( 1)
 632 Y   0.92652 0.01211 0.06062 0.00074 ( 1)
 633 T   0.84529 0.09335 0.05561 0.00576 ( 1)
 634 H   0.92305 0.01558 0.06041 0.00095 ( 1)
 635 A   0.00144 0.08124 0.79817 0.11916 ( 3)
 636 L   0.82266 0.14501 0.02728 0.00505 ( 1)
 637 D   0.97122 0.00423 0.02443 0.00012 ( 1)
 638 T   0.96651 0.00640 0.02690 0.00019 ( 1)
 639 L   0.93489 0.02762 0.03641 0.00109 ( 1)
 640 -   0.86200 0.07664 0.05664 0.00472 ( 1)
 641 F   0.16086 0.06824 0.75437 0.01653 ( 3)
 642 V   0.00059 0.00151 0.99326 0.00464 ( 3)
 643 P   0.94676 0.01139 0.04136 0.00049 ( 1)
 644 L   0.95791 0.01042 0.03132 0.00036 ( 1)
 645 L   0.92693 0.01171 0.06065 0.00072 ( 1)
 646 V   0.93425 0.00438 0.06110 0.00027 ( 1)
 647 G   0.92146 0.01718 0.06031 0.00105 ( 1)
 648 T   0.64900 0.28964 0.04315 0.01822 ( 1)
 649 G   0.78453 0.15410 0.05180 0.00957 ( 1)
 650 V   0.93283 0.00581 0.06101 0.00035 ( 1)
 651 A   0.93133 0.00731 0.06092 0.00045 ( 1)
 652 L   0.91323 0.02541 0.05981 0.00156 ( 1)
 653 V   0.93200 0.00663 0.06096 0.00041 ( 1)
 654 I   0.73553 0.20310 0.04869 0.01267 ( 1)
 655 G   0.92610 0.01254 0.06060 0.00077 ( 1)
 656 A   0.93220 0.00643 0.06097 0.00039 ( 1)
 657 T   0.71519 0.22344 0.04739 0.01397 ( 1)
 658 I   0.87106 0.10108 0.02473 0.00313 ( 1)
 659 L   0.94379 0.01581 0.03974 0.00066 ( 1)
 660 G   0.69779 0.24085 0.04628 0.01508 ( 1)
 661 S   0.79709 0.14154 0.05259 0.00878 ( 1)
 662 I   0.93229 0.00634 0.06098 0.00039 ( 1)
 663 T   0.93037 0.00827 0.06086 0.00050 ( 1)
 664 C   0.92894 0.00970 0.06077 0.00059 ( 1)
 665 C   0.92784 0.01080 0.06070 0.00066 ( 1)
 666 F   0.92804 0.01060 0.06072 0.00065 ( 1)
 667 M   0.93493 0.00371 0.06114 0.00023 ( 1)
 668 K   0.82154 0.11709 0.05412 0.00724 ( 1)
 669 R   0.93242 0.00621 0.06098 0.00038 ( 1)
 670 L   0.73866 0.19998 0.04889 0.01247 ( 1)
 671 R   0.91449 0.02414 0.05989 0.00148 ( 1)
 672 K   0.91670 0.02194 0.06002 0.00134 ( 1)
 673 R   0.92926 0.00938 0.06079 0.00057 ( 1)
 674 -   0.86200 0.07664 0.05664 0.00472 ( 1)
 675 -   0.86200 0.07664 0.05664 0.00472 ( 1)
 676 -   0.86200 0.07664 0.05664 0.00472 ( 1)
 677 -   0.86200 0.07664 0.05664 0.00472 ( 1)
 678 -   0.86200 0.07664 0.05664 0.00472 ( 1)
 679 -   0.86200 0.07664 0.05664 0.00472 ( 1)
 680 -   0.86200 0.07664 0.05664 0.00472 ( 1)
 681 -   0.86200 0.07664 0.05664 0.00472 ( 1)
 682 -   0.86200 0.07664 0.05664 0.00472 ( 1)
 683 -   0.86200 0.07664 0.05664 0.00472 ( 1)
 684 -   0.86200 0.07664 0.05664 0.00472 ( 1)
 685 -   0.86200 0.07664 0.05664 0.00472 ( 1)
 686 -   0.86200 0.07664 0.05664 0.00472 ( 1)
 687 -   0.86200 0.07664 0.05664 0.00472 ( 1)
 688 -   0.86200 0.07664 0.05664 0.00472 ( 1)
 689 -   0.86200 0.07664 0.05664 0.00472 ( 1)
 690 -   0.86200 0.07664 0.05664 0.00472 ( 1)
 691 -   0.86200 0.07664 0.05664 0.00472 ( 1)
 692 -   0.86200 0.07664 0.05664 0.00472 ( 1)
 693 -   0.86200 0.07664 0.05664 0.00472 ( 1)
 694 -   0.86200 0.07664 0.05664 0.00472 ( 1)
 695 -   0.86200 0.07664 0.05664 0.00472 ( 1)
 696 -   0.86200 0.07664 0.05664 0.00472 ( 1)
 697 -   0.86200 0.07664 0.05664 0.00472 ( 1)
 698 -   0.86200 0.07664 0.05664 0.00472 ( 1)
 699 -   0.86200 0.07664 0.05664 0.00472 ( 1)
 700 -   0.86200 0.07664 0.05664 0.00472 ( 1)
 701 -   0.86200 0.07664 0.05664 0.00472 ( 1)
 702 -   0.86200 0.07664 0.05664 0.00472 ( 1)
 703 -   0.86200 0.07664 0.05664 0.00472 ( 1)
 704 -   0.86200 0.07664 0.05664 0.00472 ( 1)
 705 -   0.86200 0.07664 0.05664 0.00472 ( 1)
 706 -   0.86200 0.07664 0.05664 0.00472 ( 1)
 707 -   0.86200 0.07664 0.05664 0.00472 ( 1)
 708 -   0.86200 0.07664 0.05664 0.00472 ( 1)
 709 -   0.86200 0.07664 0.05664 0.00472 ( 1)
 710 -   0.86200 0.07664 0.05664 0.00472 ( 1)
 711 -   0.86200 0.07664 0.05664 0.00472 ( 1)
 712 -   0.86200 0.07664 0.05664 0.00472 ( 1)
 713 -   0.86200 0.07664 0.05664 0.00472 ( 1)
 714 -   0.86200 0.07664 0.05664 0.00472 ( 1)
 715 -   0.86200 0.07664 0.05664 0.00472 ( 1)
 716 -   0.86200 0.07664 0.05664 0.00472 ( 1)
 717 -   0.86200 0.07664 0.05664 0.00472 ( 1)
 718 -   0.86200 0.07664 0.05664 0.00472 ( 1)
 719 -   0.86200 0.07664 0.05664 0.00472 ( 1)
 720 -   0.86200 0.07664 0.05664 0.00472 ( 1)
 721 -   0.86200 0.07664 0.05664 0.00472 ( 1)
 722 -   0.86200 0.07664 0.05664 0.00472 ( 1)
 723 -   0.86200 0.07664 0.05664 0.00472 ( 1)
 724 -   0.86200 0.07664 0.05664 0.00472 ( 1)
 725 -   0.86200 0.07664 0.05664 0.00472 ( 1)
 726 -   0.86200 0.07664 0.05664 0.00472 ( 1)
 727 -   0.86200 0.07664 0.05664 0.00472 ( 1)
 728 -   0.86200 0.07664 0.05664 0.00472 ( 1)
 729 -   0.86200 0.07664 0.05664 0.00472 ( 1)
 730 -   0.86200 0.07664 0.05664 0.00472 ( 1)
 731 -   0.86200 0.07664 0.05664 0.00472 ( 1)
 732 -   0.86200 0.07664 0.05664 0.00472 ( 1)
 733 -   0.86200 0.07664 0.05664 0.00472 ( 1)
 734 -   0.86200 0.07664 0.05664 0.00472 ( 1)
 735 -   0.86200 0.07664 0.05664 0.00472 ( 1)
 736 -   0.86200 0.07664 0.05664 0.00472 ( 1)
 737 -   0.86200 0.07664 0.05664 0.00472 ( 1)
 738 -   0.86200 0.07664 0.05664 0.00472 ( 1)

